2	3.413377	-12.532326	6.547924	9.358576	8.589632	-4.870647	13.324908	2.692641	-5.931979	9.341741
3	-2.623378	0.143688	-1.001973	1.354349	0.537607	0.614772	-0.454556	-0.059057	2.146096	2.446140
4	0.696316	-0.095009	-0.369775	-0.594723	-0.175478	0.744501	-0.527235	-0.284921	1.350792	-0.701956
5	-0.277224	-0.500004	-1.487010	0.559760	2.834632	-0.729751	-0.379654	2.713913	-1.568468	-0.769020
6	-3.653532	-1.551763	0.423464	1.598638	-0.878650	-1.003938	-1.328315	-0.273571	-3.756411	1.470936
7	-1.074940	-0.441687	-4.071865	-0.664427	1.979745	0.438369	3.547210	5.455465	-2.428880	3.708301
8	3.023577	4.746463	-6.304508	1.474558	-1.638606	-1.835983	-4.810295	3.328749	1.873934	-0.467754
9	-0.211764	-0.229285	-0.552357	0.528514	-0.431583	1.771801	-0.170144	-2.017613	-1.740719	-0.859984
10	-1.560110	1.649663	1.869551	-1.094365	4.205867	-1.378890	1.960111	1.935963	-0.922270	3.367504
11	0.299949	-0.072320	-0.117203	-0.085133	0.244558	-0.265291	0.249794	0.214145	-0.029308	-0.233836
12	0.317378	-0.059890	0.145679	0.013566	-0.001203	0.042987	0.060785	0.190200	0.019051	0.107568
13	-2.234589	-0.102320	-0.481446	-1.096479	1.993297	-0.685606	0.554268	0.837267	-0.037624	-0.500756
14	-2.355469	2.633361	0.425751	0.001992	0.673230	2.787088	-3.908440	-1.226807	0.669428	-3.054736
15	3.237607	-6.717437	3.364682	-8.746423	3.109638	4.386058	-1.128257	2.824818	5.097290	0.218651
16	-0.699782	0.098526	0.170898	-0.682638	-0.886404	0.351948	0.152195	-0.883986	0.535953	-0.185381
17	0.465586	-0.021288	0.022292	0.283022	-0.167712	0.528603	-0.025712	-0.017640	0.179353	-0.043936
18	-0.232537	-0.177312	0.134965	0.165977	-0.030111	-0.785431	0.151976	-0.091432	-0.165182	0.491147
19	-1.599206	1.267448	8.506598	-1.912577	1.896121	0.991313	2.388268	4.821678	-2.085365	-2.802574
20	1.198632	-0.253536	-0.766612	-0.351353	0.775901	-0.448997	-0.035497	0.791616	0.068648	-0.265784
21	-0.762000	-2.917616	-1.555927	-2.598500	0.828637	-3.450502	2.514578	-0.252923	-2.181845	0.211700
22	-1.024862	2.447946	1.603342	-0.244003	-2.260950	2.386834	-5.264246	-1.060339	2.007060	0.815477
23	-0.570016	-0.366309	0.108978	0.241076	0.000211	0.462822	-0.092964	0.137557	0.253782	-0.021632
24	1.229828	0.319603	-0.005031	-0.812103	-0.970970	0.767607	-0.308552	-0.326376	-0.334196	-0.204704
25	-2.258574	-10.589955	-3.167846	-3.111946	-1.724559	-0.618373	-5.242327	4.563760	-0.796448	-2.979194
26	1.089014	0.004429	1.095283	-0.535938	-0.864835	-0.553394	-1.239602	-0.792419	-0.448917	-0.822367
27	-0.871381	-0.887981	-0.096899	0.480107	-0.674580	1.421943	-1.319923	-0.525360	0.780300	-0.455030
28	-0.038865	-0.145018	-0.213976	-0.018094	0.362314	-0.171232	0.383123	0.595783	-0.524494	0.165089
29	-1.593451	1.059328	1.782691	1.460522	2.936521	-1.393313	0.955737	2.183416	-3.824161	1.699555
30	0.337295	0.336345	0.070460	-0.353013	-0.440601	0.615367	-0.219672	-0.663356	1.116347	-0.486424
31	-2.042168	1.201376	0.616353	0.168914	-0.876744	1.187066	2.386529	-0.152409	-0.007948	0.631209
32	0.861063	0.696858	-0.187028	0.094417	0.006986	-0.059415	-0.892699	0.046607	-0.225269	-0.066802
33	5.147521	1.974050	-9.798113	-12.680515	4.813732	-10.236855	7.552122	-1.317578	-5.541181	5.183583
34	0.795735	0.046425	0.167979	-0.405649	-0.228625	0.198647	-0.070536	0.183684	0.131994	0.202290
35	2.847238	-2.404270	0.659218	-3.937366	-0.895337	-0.133641	1.095966	-2.339342	0.274264	0.902774
36	0.074593	0.315744	-0.079528	-0.225280	0.181614	0.766483	-0.230410	0.397899	0.867656	0.465583
37	-2.313382	0.439838	0.033955	-1.891060	1.501576	-0.197621	0.523858	0.915428	-0.482916	0.026097
38	0.348424	0.056966	0.125771	-0.158777	0.190723	-0.720292	-0.187908	0.183501	-0.064294	-0.299278
39	-0.448283	0.104358	0.356440	-0.041887	-0.264784	-0.166612	0.085584	0.458451	0.145294	0.215570
40	-0.806627	-1.239966	1.249427	-0.117658	0.545181	0.641923	2.628607	0.711975	1.155688	3.214939
41	0.788774	-0.210285	0.344586	0.137556	-0.124666	-0.094045	-0.183699	0.112332	0.134100	0.064494
42	-0.699662	-0.472991	-0.082972	-1.145895	-0.932142	-1.472993	-1.475132	1.390104	-0.636725	1.438804
43	-0.530573	-0.059333	-0.007741	-0.305182	-0.043456	0.110290	-0.075585	-0.290759	0.396364	0.127706
44	-0.460537	-0.111727	-0.301501	-0.003025	-0.229123	0.039235	-0.424371	-0.150004	0.107617	-0.211242
45	-0.035247	1.525519	0.013206	-1.178430	-1.519871	2.644472	-1.645606	-1.118723	3.126579	-1.705730
46	0.332502	0.198386	0.191899	-0.166875	0.468142	-0.076041	0.547860	0.603065	-0.169848	0.442894
47	0.371651	0.138719	-0.111715	-0.359682	0.010204	1.459989	-0.449096	-1.072728	-1.061404	-0.084541
48	-1.335049	0.787994	1.081048	0.059542	1.122470	-0.655561	0.301520	0.493582	-0.543141	0.075027
49	0.317456	0.398872	-0.206455	-0.729687	-0.930805	-1.358562	-0.028609	-0.960675	-1.558247	-0.180365
50	0.304252	-0.214580	0.087606	-0.059838	-0.250842	-0.490183	0.097718	-0.117892	-0.269491	0.112305
51	0.878395	-2.339487	-4.881255	2.777250	2.615959	0.292490	1.791525	4.005336	-2.186137	0.457837
52	0.130682	-0.560560	-0.565206	-0.204819	0.707670	0.027814	-1.736014	0.593271	-0.291597	-1.096919
53	-0.702865	0.298676	0.105103	-0.261946	-0.081761	0.001261	-0.127548	-0.183302	0.133569	-0.120583
54	5.941014	6.897926	6.226727	10.954335	-1.785716	0.370271	-1.070899	-1.327282	2.427226	1.441071
55	15.425568	-36.607158	30.869478	-21.565789	7.841575	11.238917	8.819232	-1.336607	-0.187800	-4.042509
56	-2.858026	-0.198101	0.446284	-1.316223	-2.323908	0.614571	-0.438326	-0.678061	2.007032	1.779006
57	0.416571	-0.006517	0.185217	-0.079603	-0.064094	0.095280	0.343736	-0.008630	0.131613	0.190153
58	-0.417067	0.031590	0.229234	0.118103	-0.237632	0.108917	-0.138374	-0.252899	0.208880	-0.347285
59	6.847893	-16.756552	2.539673	2.151742	-0.451149	-1.859820	-3.188776	-0.730918	-1.296791	-2.290845
60	-0.815446	0.096532	0.565419	-0.538565	-0.593445	-0.505847	-0.727480	-0.624131	-0.708618	-0.765825
61	-0.101817	0.215336	0.179589	-0.070228	-0.359074	0.136143	-0.169831	-0.556996	0.948057	0.133455
62	-0.815479	0.395856	0.517494	-0.227984	-0.575004	0.818265	-0.245037	-0.398608	-0.154726	0.060672
63	0.543503	-0.786455	0.062737	0.211822	-0.619826	-0.177971	-0.987449	-0.058701	0.653646	-1.672497
64	0.193936	-0.045809	-0.146585	0.120845	0.416087	-0.221906	0.248340	0.331182	0.190972	-0.002617
65	-0.671603	0.278758	0.315912	0.388366	0.293491	-0.036213	-0.229754	0.530615	-0.136221	-0.221529
66	0.139158	0.102493	0.108503	0.168902	0.242382	-0.109041	-0.343974	0.207974	-0.784956	0.644832
67	-1.353457	-1.592665	-0.518160	0.028317	0.131090	-2.082015	-1.659189	0.894664	-1.303339	-2.591396
68	-0.162856	0.032311	-0.042146	0.166667	0.351749	0.365497	0.030808	0.143283	0.307658	0.043430
69	-0.518831	-3.767907	4.504227	-3.707906	-2.517356	0.480945	2.628521	-1.387276	-0.902598	0.827100
70	-1.131338	-0.597928	0.597890	0.404959	-0.224405	0.275479	-0.805188	-0.214395	0.289637	-0.676952
71	0.026477	-0.067515	0.007360	0.146000	-0.059380	-0.317411	-0.099647	-0.319051	-0.506601	-0.033818
72	-0.183503	-0.035953	0.143342	-0.069718	-0.424552	0.294316	0.392508	-0.040593	-0.141684	0.161116
73	0.494401	0.235301	0.153595	-0.059846	0.151113	-0.061890	0.000377	-0.028621	-0.080222	0.116386
74	-0.030996	0.046828	-0.162726	0.033779	0.675952	-0.239815	-0.489249	-0.661535	0.083452	-0.283898
75	0.192995	0.220455	0.052345	-0.226944	-0.834202	0.749167	-0.283218	-0.028547	0.198227	-0.336392
76	0.677135	-0.490548	-0.437319	0.213372	-0.225244	-0.196159	-0.438825	0.287626	-0.331217	-0.498649
77	2.599300	2.005987	26.767214	-8.554857	-6.969987	1.452315	-4.541029	-5.833620	-2.743278	-2.500562
78	2.114390	-4.991514	-3.104405	4.337639	-2.631548	-0.254161	-3.515424	-3.845039	0.998462	-3.404744
79	-0.218751	-1.410995	-4.904257	-0.337507	2.895662	0.764525	4.386930	-2.913932	-0.918331	-2.073054
80	-0.527231	0.150287	-0.400640	-0.222264	-0.226521	-0.395054	0.167545	-0.058027	-0.367168	1.013931
81	-0.490599	-0.032666	0.471088	-0.009938	0.037094	0.248982	0.561250	-0.002051	-0.223152	0.546805
82	-0.049112	0.126067	-0.432591	0.074861	0.517615	-0.303226	-0.903038	-0.568392	-0.053696	-1.073874
83	-0.437406	0.316295	0.073290	0.291280	0.341358	-0.359989	-0.333515	0.498786	-0.582872	-0.341643
84	-0.632545	-0.616305	-0.109334	-0.054515	0.035958	-1.086229	-0.565298	0.333961	-0.499885	-0.434983
85	-0.077832	0.228239	0.312457	0.026468	-0.238203	0.173050	-1.020382	-0.093141	0.220959	-0.773930
86	0.302978	-0.117821	-0.076067	-0.166660	0.055348	-0.293824	-0.002555	0.278762	-0.445968	0.104052
87	0.280585	0.259633	-0.057470	0.335790	-0.158371	-1.338105	-0.285872	-0.363597	-0.495108	0.375710
88	-0.550949	-0.396839	0.285828	0.050556	0.337129	0.405627	0.215883	0.456848	0.543579	0.649971
89	-0.044684	-0.307008	-0.102859	0.001328	-0.467708	0.524707	0.225052	0.050449	0.731398	0.598830
90	-1.758234	2.673194	0.149518	0.271005	0.742510	-1.043091	-3.953030	0.231928	-3.057258	-3.396518
91	-0.814604	-0.275925	0.724222	0.059755	0.351931	0.324555	0.100685	0.955560	0.137890	0.331841
92	0.591254	0.355801	-0.028515	-0.021835	0.033392	-0.567045	0.052615	-0.100106	-0.096255	-0.272855
93	0.443176	-0.290306	0.094627	-0.021593	0.111413	0.264758	-0.428524	0.231589	0.616009	-0.321713
94	0.319076	0.062637	-0.105825	0.111497	0.280559	-0.077508	-0.170200	0.100777	0.043033	-0.076759
95	-0.746990	-0.264311	-0.391863	0.372966	-0.068267	0.389975	0.375786	-0.185031	0.545017	0.427061
96	-1.075769	0.090992	-0.878417	-0.244283	0.776194	-0.016405	0.777272	-0.404225	-0.137017	-0.087066
97	0.240342	-0.069934	-0.025942	-0.090114	-0.091588	0.109631	0.003786	0.027877	0.086908	-0.010903
98	-0.278518	0.043711	-0.061624	-0.208688	-0.166174	-0.169801	0.207977	-0.522856	-0.275554	-0.220801
99	0.630106	1.239174	0.080194	-0.299301	-0.733848	-0.596622	-1.382493	-0.136267	-0.530352	-2.522055
100	-0.326507	-0.227220	3.177675	4.889438	1.022779	2.143033	-0.515386	3.048995	4.588599	-3.670390
101	0.190734	-0.005680	-0.078267	-0.039570	0.103925	-0.418222	0.103896	-0.152451	0.309753	0.117594
102	0.157234	-0.046169	0.051194	0.015649	0.277286	0.007352	-0.364966	-0.113586	0.162546	0.292270
103	4.732697	7.528402	4.546087	-9.671382	1.748732	-0.166865	-3.934865	-2.245200	-1.652598	2.693113
104	1.106212	-1.185616	-0.695827	2.326926	1.819414	-2.991115	0.844522	3.956935	-2.207420	0.544114
105	-0.569133	0.183425	-0.194044	-0.250253	-0.065799	0.132000	-0.268029	-0.296660	0.313440	-0.343034
106	-0.580494	0.179740	-0.094413	0.417121	-0.253461	0.535920	0.409686	0.315686	0.243909	-0.259989
107	-0.613069	-0.147943	-0.168745	0.753373	0.362802	1.472641	0.397294	0.835752	0.434181	0.265145
108	0.704712	0.207104	-0.190926	0.520011	-0.559452	-0.024779	0.417919	-0.356034	-0.096080	-0.097585
109	-2.708489	-1.847772	0.542432	-0.187566	1.938359	1.235293	-4.162060	-0.863604	0.718863	-0.773624
110	0.485980	-0.068969	0.270651	0.155714	0.168385	-0.041216	-0.009827	-0.155976	0.052822	-0.004827
111	-0.400665	0.210005	0.167229	0.107741	-0.096193	-0.253750	-0.027413	0.302992	-0.194292	0.319745
112	4.982083	-0.509785	2.859170	9.811980	1.234235	-0.127636	-0.536621	0.067771	0.362499	0.535845
113	-0.408481	0.260182	0.062703	-0.046638	0.218592	-0.273768	0.216395	-0.070315	-0.183400	-0.003848
114	-0.271562	0.352925	0.258687	0.311997	0.902926	0.179770	-0.555933	0.664792	-0.749063	-0.745451
115	-3.116170	-1.295284	1.462987	-2.170190	-1.393778	1.751441	2.110197	-1.940939	1.397894	2.003101
116	-0.185934	0.016936	-0.714288	0.213741	1.639974	0.142752	0.417304	1.432706	0.121506	0.222377
117	-0.205858	-0.032084	-0.135075	-0.124618	-0.308977	0.034342	0.081954	-0.575084	-0.021193	0.131230
118	0.308102	0.035188	-0.088335	-0.358802	-0.320749	-0.297006	0.456588	-0.643908	-0.891345	-0.258659
119	-0.727557	0.174233	-0.387524	-0.161654	0.187068	0.133152	-0.047123	0.131430	-0.002977	0.078304
120	-0.310952	-0.013121	0.297161	0.158866	-0.233013	0.089897	-0.266554	-1.003562	0.139103	-0.263858
121	1.143408	0.122039	0.007812	-0.875873	-0.263754	1.081393	-0.139627	0.137732	0.254263	0.133961
122	0.413661	-0.226862	-0.056595	0.117388	0.227159	-0.213729	0.214753	0.031267	-0.442947	-0.031929
123	-0.245550	-0.483691	-0.591527	-0.453255	0.549945	-1.702085	1.653320	0.937274	-0.684782	-0.125382
124	0.582955	0.682642	0.129824	0.236123	-0.571216	0.763197	0.718148	-0.342896	1.369963	0.751586
125	1.386449	-0.813424	-0.250038	-1.307330	1.359764	-0.458897	-1.002642	1.416686	-0.470306	-0.547031
126	9.747735	7.892215	29.632410	21.860544	10.786838	-9.485039	15.805115	20.829069	-14.978027	5.940581
127	2.165488	3.180506	-3.610997	2.088616	2.665306	-0.412311	1.464427	-3.211744	0.768154	-0.017223
128	-0.496128	-0.010650	-0.338560	-0.171847	-0.558105	0.251902	0.177121	0.052783	-0.239917	-0.169414
129	1.008590	-1.044216	-2.183400	-2.479048	2.193380	-0.616692	2.603114	-0.009748	-0.107525	-2.885103
130	-0.179647	0.145384	0.401849	-0.127186	0.840789	-0.208568	0.363099	1.126283	-0.402080	-0.043987
131	0.132058	-0.006730	0.102263	-0.185768	0.298975	-0.574999	-0.299925	0.275126	-0.300595	-0.202925
132	-0.431987	0.069473	0.189704	0.272027	-0.120985	0.305735	-0.288060	-0.207402	0.421655	-0.135340
133	1.637149	-2.107294	2.308172	-9.531684	1.290524	-2.092673	3.076128	-2.645535	-1.122594	-3.555161
134	0.280875	-2.148699	1.536537	-7.251440	5.852367	-3.623426	-1.236937	4.134471	-4.113964	-3.362088
135	-0.262485	0.112805	0.160969	-0.179495	0.563899	-0.110426	-0.068944	0.087678	0.184393	0.544745
136	-0.802891	-0.174682	-0.372342	-0.437521	-0.105295	-0.122103	-0.205060	0.420657	0.054728	0.136453
137	-0.175470	-0.149051	0.207339	-0.009089	0.172296	0.881012	-0.038512	0.450747	-0.414270	0.467822
138	-3.308031	2.472396	-2.358284	-0.901945	1.500903	-0.841600	6.616278	0.707553	-0.546809	3.067414
139	-0.214740	-0.048742	0.062889	0.106335	-0.033569	0.192577	-0.317366	-0.178546	0.132650	0.027838
140	1.066046	-6.608352	5.165914	-6.826327	5.176962	0.235748	-2.566841	3.026392	7.590569	0.548202
141	-0.310082	0.187302	0.408961	0.425223	0.928912	-0.117669	-1.074123	0.499363	0.454007	0.121589
142	-0.620137	0.321705	-0.048928	0.381731	-0.054463	0.394578	0.334097	0.057427	0.562721	-0.213915
143	-0.224591	-0.092150	-0.010918	-0.159244	-0.129772	0.548364	0.135597	0.098729	0.259819	-0.173049
144	0.693139	-0.406234	0.084152	-0.410504	-1.167442	0.325164	0.908690	-0.174944	0.597458	0.608990
145	-3.605479	-1.824960	-1.384062	1.165367	-2.510996	0.926104	-4.298907	-1.944432	-0.249230	-1.874461
146	-1.063810	-0.937877	1.858845	-0.299275	-0.625825	-0.260225	-2.406921	-1.119626	-1.636046	-3.900513
147	-1.383244	0.783280	1.068739	-0.493662	0.774722	-1.171304	-0.473126	0.369760	-0.007358	-0.262665
148	0.504142	-1.847473	0.221132	3.313808	2.280365	-3.356329	2.468260	3.353724	-1.933659	1.025721
149	-0.125066	-0.307052	-0.535013	0.659478	-0.580685	1.719106	0.927349	-1.486348	0.926069	0.256214
150	-1.098583	0.373316	-0.150184	-1.217506	0.110920	2.211849	-0.126418	0.289885	0.324512	-0.063571
151	0.084185	-0.036383	-0.021678	0.109246	0.103020	-0.344044	0.079351	-0.025879	-0.345799	-0.190521
152	2.050228	7.838121	5.907436	5.627194	-2.798260	4.798505	-0.063250	-2.746192	2.744421	-0.132352
153	-0.526297	0.468107	0.008134	0.080637	-0.001503	-0.094291	-0.497219	0.220559	0.198471	-0.784927
154	-0.336982	-1.053541	-3.283714	-0.896827	-1.707722	-0.617372	4.656768	-4.053110	0.760608	1.586258
155	-1.153639	-0.350663	0.895676	0.798825	0.648761	-0.184353	0.614153	1.561500	-0.418805	1.032320
156	-1.819831	1.488060	-0.792362	-0.175528	1.520538	-1.178200	0.651826	-0.717454	2.075266	2.106975
157	0.360486	0.137803	0.207321	-0.111205	-0.131570	-0.067771	0.265456	-0.493770	0.514149	-0.208143
158	0.220926	0.286346	-0.241482	0.085830	-0.538267	-0.544844	0.149886	-0.675083	-0.797399	0.121741
159	-0.219167	-0.142881	-0.073173	-0.117084	-0.520077	-0.158660	0.452880	0.729945	-0.551589	-0.265090
160	0.662023	-0.435322	1.028039	-0.176626	-1.475463	-0.735543	-0.093514	-1.178364	-0.607236	-1.180770
161	-0.645770	0.045977	0.391291	0.260520	-0.729510	-0.082920	0.246674	0.225337	-0.436916	0.623045
162	-0.396459	0.306383	-0.149783	0.456566	-1.316794	-0.562831	-0.492423	0.646782	-1.347060	0.315356
163	0.050717	0.066686	-0.091775	0.429016	-0.050187	1.764427	0.307405	-0.818263	-0.180649	0.166626
164	1.891169	9.918336	-3.432422	1.422195	-1.153330	-7.045264	-2.601476	-2.489150	-6.419366	-4.492685
165	-1.713290	-2.199544	7.891769	0.125763	6.121890	1.816415	-5.263535	5.721273	1.643646	-4.726758
166	0.062558	0.053961	0.054446	-0.031623	0.210638	-0.102248	-0.070358	-0.274971	-0.077388	-0.348732
167	-0.360670	-0.240463	-0.016159	0.077070	-0.343407	0.276822	-0.421737	0.234053	0.108180	0.161340
168	1.418112	-1.845390	-4.688064	-1.976433	-0.869976	-0.767778	4.817501	-2.607431	-0.522528	1.489889
169	0.361533	2.854139	0.060380	-0.028565	-1.083988	-1.935236	2.412069	1.186957	-0.604809	2.468045
170	-1.986639	-2.111237	-0.097051	-1.053876	-0.428966	-3.697980	2.663491	-0.981195	-2.021236	0.688300
171	9.518131	22.882749	-16.626880	-16.628006	-1.754189	4.976089	-2.128944	-0.822524	-0.546664	-5.846134
172	-0.649511	-0.268686	0.414985	0.314389	0.591499	0.389575	0.041806	0.643274	0.270353	0.142434
173	-2.262155	1.734735	-0.190386	-2.029772	4.353512	-1.593137	3.563703	1.796892	1.781279	1.675125
174	-0.005041	-0.287036	-0.037631	-0.262988	-0.941204	-0.243278	0.669887	-0.031037	-0.630693	0.516385
175	0.050113	2.248913	-1.541650	0.473781	-1.625829	0.044565	5.182071	-0.804697	-0.710431	4.188795
176	5.219573	-11.735897	10.146634	-1.126302	-3.748023	-0.489495	3.510277	1.125847	-2.025674	1.154247
177	-0.171301	-0.527450	-0.679055	0.084674	0.164771	0.162437	2.034677	-0.132747	0.255592	1.515577
178	1.842502	4.169170	3.544435	7.516670	2.395954	1.672196	-4.736855	3.697887	-1.333839	1.197423
179	1.089685	-0.850452	-0.055326	0.435225	0.422892	0.506751	0.058986	-0.311333	0.080131	0.233706
180	-0.660572	0.144134	-0.256588	0.680598	0.205130	0.232351	0.486236	0.284269	1.409843	0.029239
181	0.245026	-0.002704	-0.021424	0.155665	-0.006274	-0.372963	-0.051072	0.509914	0.010910	0.010038
182	-0.965247	0.691316	0.029463	-0.940807	2.952068	0.962084	1.939397	-0.270170	0.014408	0.061874
183	-0.174809	0.346642	-0.219677	-0.118052	-0.411611	1.443392	-0.567226	1.167313	-0.209040	0.488754
184	-0.015190	-0.039585	0.067403	-0.792311	-1.459916	0.470633	-0.248072	-1.312585	0.930142	0.505725
185	0.110306	-0.025179	0.039887	-0.063932	-0.045689	0.175209	0.185364	-0.379405	-0.243883	-0.060776
186	0.895825	0.315527	0.514539	-0.505325	0.659516	0.185086	0.668869	1.026679	0.341111	0.919795
187	0.089368	3.668499	8.664281	-2.397212	-4.859650	0.021159	-3.925175	-4.121495	1.963561	-2.645452
188	28.447485	11.585522	92.291751	-45.195737	23.282571	-11.487730	-16.328236	-39.056620	17.952561	25.486150
189	-0.042495	0.028314	0.548950	-0.044225	0.480301	-0.697706	-0.382036	0.554310	0.546030	-0.838584
190	35.684419	-3.185022	-4.066246	-126.639621	-1.176453	-17.448025	-0.300418	-72.810465	-3.485196	2.833362
191	-1.323489	0.689203	-0.824026	0.004857	0.689554	0.075824	0.607335	-0.535932	0.058706	0.412213
192	-0.991915	2.048025	2.878597	-3.497958	2.236989	0.780491	3.257277	2.356965	3.421602	2.890390
193	0.018474	-0.661965	-0.703828	0.253597	0.603404	-0.056550	1.392140	1.250750	-0.481090	1.955699
194	0.032820	0.154941	-0.199248	-0.153499	0.682069	0.453306	0.334323	0.473396	0.446641	-0.336277
195	0.207575	0.069652	-0.096755	0.079988	0.387626	0.128109	-0.168793	0.236299	0.122867	-0.070940
196	-0.157368	0.198954	-0.074855	-0.308017	-0.814752	-0.322194	-0.348222	-0.269593	-0.601759	-0.127672
197	-0.784389	-1.726800	0.067612	0.344245	-0.282428	-0.137850	-3.090608	-0.902338	-1.145186	-2.599442
198	-0.861560	0.391179	0.280216	0.571980	0.579401	-0.280384	-0.409018	0.681796	-0.154091	-0.240707
199	2.361918	-1.756247	4.868207	1.569269	0.433818	-0.301791	-1.832256	-0.045796	1.745282	-2.211188
200	0.231486	0.130488	0.040605	0.094078	0.231616	-0.234729	0.166792	0.008517	-0.191694	-0.315824
201	0.311690	0.408272	-0.298295	-0.484627	0.550156	-0.802377	1.279352	1.383771	0.731389	0.393906
202	-1.512445	0.344296	0.529055	-1.186126	-0.755242	-1.094348	0.058254	-0.580514	0.253841	-0.820819
203	7.818793	-20.456266	10.502086	1.792292	0.420898	0.798653	2.011654	2.409270	4.080757	1.699449
204	-0.509593	0.205903	0.171932	-0.114875	0.018653	0.087758	-0.001957	-0.259987	0.129306	-0.105687
205	0.602395	-2.054736	-0.423556	1.701873	-1.576066	2.822576	-0.459722	-2.114268	3.755125	-2.358426
206	5.637349	-11.018278	-17.098938	1.183954	-2.630437	1.267149	-5.570953	-4.979473	2.943471	-4.438859
207	-0.305719	0.233706	0.007204	0.026432	0.058889	0.418976	-0.134351	0.012038	-0.036211	-0.596788
208	-0.498924	-0.192377	-0.096451	-0.209500	-0.123525	-0.090440	0.152457	-0.263805	0.003484	0.243270
209	3.282995	-4.146959	1.866215	2.606630	0.359276	-0.021561	-0.481221	0.119752	1.266348	0.352047
210	-0.243663	0.055897	-0.112881	0.100744	0.076663	-0.157469	-0.304977	0.051212	-0.149949	-0.110352
211	-1.759632	-0.009022	1.418691	-1.124142	1.455006	0.341828	0.600646	2.514998	1.486498	1.674905
212	8.180471	-11.702425	-34.554040	-12.713607	-3.818412	-3.351516	7.082124	-8.133713	5.868903	-2.922678
213	0.042140	-0.090783	-0.117913	0.270105	-0.855274	0.319862	-0.322320	-0.574349	0.223273	0.078903
214	-0.070523	-0.170880	-0.226620	-0.316753	-0.632116	-0.132312	0.680827	-0.947709	-0.167529	0.385990
215	-2.296418	2.668670	-0.685496	0.210961	-0.773596	-2.624189	4.533976	-0.736477	-1.053794	2.616953
216	0.384865	-0.019906	-1.004598	-0.712474	0.948838	0.989443	-0.729855	-0.603809	1.219126	-2.394028
217	-2.553035	0.419060	0.318963	-2.364789	-3.874187	2.411620	-0.864221	-2.630664	-1.402912	-0.152524
218	0.099543	-1.508678	0.163745	-1.536084	-0.657707	-4.146948	0.485707	-1.574640	-3.398591	0.902140
219	7.255630	-16.906136	-4.091540	-3.496256	-0.712407	-2.067165	0.663412	0.623011	0.786616	1.267204
220	-0.498152	-0.333069	-0.044172	-0.404574	0.350566	1.245126	-0.014559	-0.191187	0.557347	-0.313435
221	0.996750	-2.120778	0.155945	1.336498	1.793776	-1.423632	2.012867	-1.516524	-1.884714	-1.186840
222	-0.284085	1.045860	0.122591	0.187389	-0.672359	-0.135105	-1.798146	0.722427	3.034156	-0.378479
223	-0.347836	-0.098231	0.027822	0.346419	0.439030	-0.033476	-0.158821	0.289382	0.210623	0.351150
224	12.128202	-28.003050	5.295260	-26.831440	-0.469032	-4.771994	0.922144	-1.379730	-4.387395	-0.800271
225	0.556053	-0.033329	0.162767	0.178409	-0.135901	-0.214252	0.065006	-0.201205	0.168776	-0.086456
226	0.654443	0.871183	0.863981	-0.589918	-0.663264	1.044876	-1.634480	-1.839810	0.323301	-0.057904
227	-0.798943	-0.353704	-0.319019	-0.473946	0.041367	0.472612	-0.118129	0.118837	0.470042	-0.635918
228	-0.702196	0.177207	0.168024	0.436810	-0.161565	-0.482224	-0.278671	0.236450	0.331697	0.306207
229	0.107750	0.148499	-0.028683	-0.147455	0.034848	0.642055	-0.008470	0.054112	0.436381	-0.111720
230	-0.731515	0.933392	0.047664	-0.601408	-0.535059	-1.716787	-0.174404	0.369055	-1.349005	-0.326330
231	1.172181	1.229036	1.391587	-0.960236	0.565991	0.196085	1.385047	-0.994504	2.241152	1.598573
232	1.429202	-0.822722	2.764782	2.212188	1.929465	2.066328	-2.797110	2.367053	1.240355	0.262404
233	0.438289	-1.803083	0.409063	-1.919590	0.660160	-4.059875	-2.851765	-1.605112	-4.098155	2.000852
234	-0.615642	0.319212	-1.936250	2.275979	5.766135	1.604140	-0.601669	2.729803	-0.610222	0.255584
235	0.133897	-0.135720	0.063255	-0.130235	-0.109447	0.498203	0.322180	0.075153	0.432852	0.165628
236	0.558226	0.629517	-0.015045	0.359204	-1.091967	1.053140	0.883336	-0.153618	-0.875232	1.307146
237	0.221431	-0.045543	-0.028540	-0.151543	0.407280	-0.074569	-0.229763	0.194165	-0.104473	0.082730
238	0.254151	1.597517	-0.686466	0.677940	0.632476	-0.254514	-3.282253	0.367433	-1.079529	-0.424942
239	-1.161162	-0.097262	1.102677	0.668762	-0.374933	0.800127	-1.057861	-0.665026	0.214927	-0.767053
240	-3.128509	0.275326	0.770260	1.744679	1.285313	1.983182	-1.559243	-2.293553	2.901854	-0.438096
241	-0.318953	0.460482	-0.263389	-0.163168	-1.150688	-1.859425	-0.398457	0.594889	0.419800	1.153272
242	0.740650	3.162674	-0.099481	11.470893	4.601751	2.232444	-3.266690	4.247029	0.120111	0.847483
243	-0.078378	0.044653	0.004312	-0.059627	-0.675194	-0.104726	-0.816764	0.497162	0.330419	0.700027
244	0.216370	0.601531	-0.505649	0.630909	1.068717	-0.903243	-1.142816	0.680190	-0.605881	-1.734111
245	1.015408	-1.404264	0.224344	2.017401	-1.815218	0.075258	-1.697126	-3.084195	-1.009164	-1.609386
246	0.102760	0.005738	-0.198895	-0.127413	-0.766480	0.092308	-0.201801	-0.497367	-0.105028	0.164821
247	-0.692009	0.495569	0.039120	-0.318977	-0.064272	0.517711	-0.332303	-0.219279	0.901101	0.065732
248	0.247737	-0.086149	0.126983	-0.044867	0.197941	-0.156905	-0.129940	-0.042099	0.171930	-0.126838
249	0.335575	-0.425734	0.000639	-0.347867	-0.991693	0.956812	1.109983	-0.378522	-0.091791	0.568432
250	-0.128123	3.400767	2.728000	-2.802896	0.419442	2.258513	4.366406	-1.037242	4.997303	1.945910
251	0.468437	0.190240	-0.321001	-0.067356	-0.161541	-0.223646	-0.394152	-0.174254	0.240806	-0.636177
252	-1.477615	-1.806219	0.520777	-0.846559	0.825672	-0.823043	-2.813597	-0.013802	-0.723292	0.129883
253	-0.269896	1.029167	-0.046323	-0.307667	0.388413	-0.924287	0.129228	0.168740	-1.806625	2.145675
254	-0.107720	-0.244985	-0.743674	0.485848	-0.199249	1.430298	1.697805	-0.480720	0.611799	1.085041
255	3.484907	-10.616920	5.358053	0.914342	0.815007	-2.921108	1.826001	-2.582587	-1.478671	3.433156
256	-0.383782	0.685916	0.016854	0.242562	0.324937	0.783081	-1.030643	0.475566	0.545716	-1.325544
257	-1.912456	0.477151	-1.269264	-0.774216	2.165839	-0.648304	0.850367	-0.680695	2.730597	-3.348880
258	-0.243525	0.694047	0.344867	0.139440	0.723026	0.500856	-1.068131	-0.327029	-0.282301	-1.444138
259	0.273409	-0.038065	0.086272	-0.111835	0.028090	0.055428	0.005873	0.045322	0.060756	0.058744
260	0.851748	-0.056367	-0.044382	0.443018	-0.028857	0.046703	-0.075768	-0.090772	0.123705	0.077612
261	7.234248	16.643038	-5.777370	-14.766697	-1.322743	-2.371749	-4.926108	-2.783063	1.253753	0.735926
262	-0.457895	-0.588645	0.438874	-0.429963	-0.519455	-1.080263	0.452976	-1.311444	0.134396	1.088093
263	0.012657	-0.106634	0.081100	0.128203	-0.078231	-0.349720	0.374499	0.535439	-0.138182	0.314402
264	-2.020046	-6.362200	-0.953360	8.060145	1.695436	8.467392	2.418529	1.392325	5.191018	1.634267
265	-4.045309	-0.020632	0.133200	1.824842	0.048487	0.826325	0.203656	2.835357	-0.461809	-0.197603
266	-0.062957	-0.010655	0.145459	-0.267148	-0.654917	-0.628805	-0.585715	-0.221564	-0.180278	0.180089
267	0.168674	-0.070418	-0.231115	0.111328	0.641091	-0.232421	0.126052	0.641412	-0.171285	-0.152930
268	9.126071	9.022806	20.108359	13.362945	3.993273	-1.862412	-0.666396	2.820656	-0.717242	-0.052501
269	10.910013	-32.533074	-23.546127	22.800238	-4.074511	2.534914	15.799411	-1.770552	14.986230	-6.045208
270	-0.217644	0.038625	0.089866	-0.182686	-0.131289	-0.229174	-0.185208	0.052298	-0.553411	-0.216404
271	0.204011	0.323791	-0.034630	-0.392948	-0.241582	-1.272148	0.295347	-0.058419	-0.964340	-0.345657
272	-0.628788	-0.599792	0.162352	-0.661972	-0.243148	-0.559274	-0.680191	1.078693	-1.315794	-0.536671
273	0.773230	0.344168	-0.442743	-0.197145	0.001109	-0.306584	0.924014	0.195554	-0.168528	0.486294
274	-0.774535	0.084930	-0.751710	-0.082916	-0.101215	0.109985	0.893748	-0.061023	-0.269839	0.389328
275	-1.558729	-0.244422	1.433619	-0.422988	1.168298	-0.135446	0.237033	0.578923	0.234911	-0.909826
276	0.243968	-0.204835	0.057847	-0.236984	-0.261783	-0.902838	0.104077	-0.238599	-0.280786	0.039493
277	-0.395286	0.256639	0.219609	0.032010	-0.448115	0.368879	-0.050629	-0.332992	0.552958	-0.011742
278	0.125332	2.209608	-0.316841	-1.431384	-1.009817	-3.876561	0.352038	-1.324506	-1.254703	-2.819742
279	-0.114303	0.020191	0.047606	0.197362	-0.464373	0.292458	-0.145777	-0.616510	-0.069676	0.202600
280	11.609659	30.789153	10.550143	8.816774	0.385606	-0.315316	0.539335	-0.269342	-0.976195	0.600114
281	0.397205	-0.058687	0.081875	-0.178259	0.002442	0.147412	-0.051205	-0.133776	0.201183	0.254579
282	-0.542879	-0.830730	0.499948	-0.246220	-0.684271	-1.435214	0.357787	-1.178437	-1.246921	0.480734
283	0.796781	0.818332	0.144955	0.807475	0.854799	-0.466595	-1.241263	1.148013	-1.072170	-0.512085
284	1.066684	-0.231822	0.970577	0.779997	-0.296689	-1.012222	1.483775	-0.099956	-1.304380	1.281054
285	-0.097987	-0.084619	-0.086864	0.039167	0.332905	-0.160750	0.258262	0.158039	-0.079678	0.269075
286	2.946560	-8.649010	9.913196	-9.732801	5.158477	2.609801	1.445266	-0.883522	0.488982	-2.088019
287	-0.850865	-0.147981	2.116337	-3.363122	-5.534080	-0.236687	-0.610221	-1.654748	1.583289	1.773972
288	-1.047580	0.599939	-0.805390	-0.238795	0.276328	0.598397	-0.376784	0.958221	0.574356	-0.476812
289	-0.007309	-0.113129	0.362222	0.031666	-0.687300	-0.173703	-0.886627	-0.702526	-0.157992	-0.284636
290	7.107532	-23.897885	-3.198887	-9.889485	-7.130384	1.691740	20.681794	-6.795705	-4.353399	13.831230
291	-2.760139	0.044739	-0.904334	-0.153718	0.495545	1.375528	0.313958	0.063363	-1.389844	-0.067077
292	-0.860448	0.595512	1.149992	1.160516	3.618249	-0.992845	0.454403	0.770883	-1.912478	0.172451
293	1.563037	-0.144381	-1.883687	0.008218	-0.503317	-1.033427	1.219698	-1.215387	1.171494	0.239021
294	0.233212	0.137835	-0.082964	0.059567	0.303216	-0.027062	-0.271418	-0.269267	-0.424929	-0.436828
295	-1.465271	-0.247711	1.838565	0.441516	0.593191	0.600547	-2.619468	-0.054292	0.701118	-2.498528
296	-0.375899	0.502763	-0.149953	0.089281	0.596411	0.639075	-0.421397	0.025560	0.582106	-1.029852
297	-1.666547	0.569129	1.205949	0.244191	1.450389	0.316156	0.314774	-0.788572	-0.275328	-2.058573
298	4.092636	-11.792745	-1.801615	33.170188	7.684323	-17.182844	-4.376542	-2.015920	-14.343194	4.679503
299	0.133466	0.581142	-0.229396	0.993654	1.936751	-2.140444	-1.103493	0.888848	-0.114611	-1.069656
300	-0.324400	0.530059	1.009765	0.105379	0.858958	-0.565583	-1.994105	1.722362	-0.481329	-0.958711
301	-1.011959	0.603475	0.362821	-0.654117	0.494661	0.189245	-0.226398	-0.882180	0.663227	0.341712
302	2.451673	3.789165	4.399704	4.849741	-2.875311	-2.020240	-0.832169	1.206282	4.473854	-0.089658
303	0.397237	-0.790288	0.711117	0.135052	0.656798	0.232099	0.102787	1.293763	1.938520	-0.117365
304	0.429956	-0.271385	0.214917	0.010129	0.638731	0.381042	-0.091970	0.046048	0.494443	-0.136230
305	-0.061949	-1.650977	-1.349734	0.629990	-1.507969	2.558756	1.670360	-1.594164	2.759957	1.595446
306	-0.822164	0.188523	-0.665213	-0.010976	0.229730	-0.037080	0.399839	0.654289	0.266861	0.858208
307	-0.528632	-0.038661	-0.119559	-0.334788	-0.236716	0.121455	-0.025002	-0.509405	0.032626	0.056132
308	1.016639	0.996636	-0.566270	3.402079	-1.409812	2.544246	-0.694881	0.335906	3.260505	1.975656
309	0.326542	-0.024514	0.053925	-0.183206	-0.073770	0.135057	0.120895	-0.065825	0.393726	0.053400
310	-0.407373	2.233082	-0.391003	-0.192996	-0.297960	1.497481	-3.554008	0.441398	2.717540	-3.323623
311	0.399465	-0.500912	-1.798799	-0.920275	2.141816	0.311544	-1.379264	0.785562	0.952158	-2.684652
312	-2.022399	0.924110	1.541121	0.116119	-1.758927	0.868717	1.413363	-0.749430	0.279955	3.300239
313	-0.330188	0.117992	0.352761	-0.195448	0.084606	0.346013	0.826138	0.141922	0.361289	0.587184
314	-1.032671	0.020167	0.324455	-0.909694	-0.809726	-0.368732	-0.047379	-0.224996	-0.360918	-0.235767
315	-1.136704	0.111726	4.491170	-3.249794	5.611170	3.518533	2.120049	4.136609	-0.263237	2.713811
316	0.113635	0.130233	0.094752	-0.129909	-0.420702	-0.083870	-0.320572	-0.034003	-0.307959	-0.421061
317	-0.220654	0.355162	0.053313	-0.095692	0.188271	-0.640323	-0.121580	-0.031778	-0.965136	-0.192202
318	7.488515	-21.447082	18.767634	2.930513	2.646702	4.028566	17.855968	13.324807	8.776751	17.024381
319	-0.645695	2.145497	-0.051614	0.014558	0.879941	4.651140	-1.917811	-0.723784	0.800017	-1.769334
320	0.260874	0.143314	-0.235093	0.085448	0.429312	0.038142	-0.785548	0.387575	0.047220	-0.349547
321	-1.004549	1.043085	-1.445832	-0.925466	-1.402250	0.157238	-2.526774	-2.871402	0.069529	-2.644256
322	1.160603	0.532925	1.960318	-1.160931	2.425356	0.643689	2.532533	1.166757	1.465379	2.677528
323	-0.174998	-10.592552	15.345915	-8.172064	1.662722	-2.185568	4.068154	-6.268135	1.546039	0.700333
324	0.670346	-0.360685	0.790379	-0.457503	-0.801041	-0.084772	-0.804232	-0.539857	-1.151422	-0.273892
325	-1.189315	5.682744	-2.401661	-3.541550	2.706776	-5.565223	5.737905	0.684557	-4.654117	6.633865
326	0.819048	0.290163	-0.467860	0.165129	0.346188	0.151501	0.241976	0.207607	0.479572	0.572908
327	0.485643	-0.223003	-0.228386	-0.090075	-0.319215	-0.122401	-0.062074	0.231870	0.064096	0.426159
328	0.764034	0.108020	-0.524456	-1.023594	-2.029540	0.353583	-0.006063	-1.866721	-0.430458	-0.365698
329	-1.242299	1.117747	0.744156	-0.621973	1.063689	-1.229191	1.479648	1.086440	0.597610	1.628416
330	-0.330158	-0.067548	0.001307	-0.248100	0.141227	0.214928	0.061402	0.539909	0.114215	-0.245143
331	1.921082	-3.375411	2.327331	1.313212	-0.937948	-1.876053	-1.973417	-1.638753	-0.077736	-1.186673
332	-0.177478	0.043692	-0.091453	0.265138	0.345921	0.611163	0.375404	0.147265	0.471364	-0.083224
333	0.414880	0.226426	-0.057279	0.287173	-0.388826	-0.454578	0.684686	-0.268190	-0.682012	-0.393359
334	-3.275658	-0.167025	3.173127	0.617105	2.341931	0.742336	-0.927941	1.638231	-0.354375	0.010183
335	1.983860	-8.967236	-1.971541	0.441626	-1.561655	2.869762	1.620413	1.396783	-0.273512	6.623890
336	0.646956	0.100409	-0.395388	0.112494	-0.010287	-0.104401	0.268283	0.142029	0.068047	-0.513616
337	-0.942668	0.938873	-1.021267	1.135565	0.089252	1.852007	3.097913	1.439388	2.799714	-0.178170
338	-1.389090	1.386585	-0.329331	-1.454343	0.259188	-2.348458	0.726633	0.647985	-3.632998	1.492591
339	3.457543	-8.022045	7.044934	8.744251	-1.095807	-3.069846	-4.330041	-6.210003	1.184250	-0.853123
340	0.619612	-0.239039	0.469726	0.276314	-1.105646	-0.502876	0.511897	-0.228449	-0.665623	0.320431
341	-1.414037	-0.602349	0.369878	-1.639958	-1.943671	0.218232	1.204602	-2.551002	2.117901	0.973454
342	-1.195617	-0.687150	-0.349974	0.702247	0.777902	0.017158	0.369322	0.458219	0.271271	0.983917
343	-0.646652	0.502609	0.045148	0.055645	-0.034779	-0.230535	0.025355	0.104567	-0.292525	-0.231632
344	-0.969040	-0.385669	-0.797611	0.288921	-0.764859	-0.056714	-0.097029	0.709111	0.336133	0.793990
345	-1.670219	-0.143336	-1.317282	0.393035	-0.538653	0.074775	-0.194334	0.148097	-0.065556	0.082764
346	-1.505731	1.614586	0.547111	-0.339128	1.471825	-1.722132	0.108925	-0.157596	-1.375302	1.151293
347	-3.047145	2.611298	0.486052	1.037371	-0.379590	1.274506	1.812721	-1.857634	3.523284	1.570822
348	0.347906	0.194286	-0.045192	0.264853	0.178721	-0.181472	-0.165667	0.876485	-0.248332	-0.681775
349	-2.074927	-0.471273	0.523718	-1.356052	-1.275707	-0.327081	-0.648154	-1.532258	1.883181	2.224972
350	0.451676	0.249249	0.031402	0.083377	0.362277	0.291777	-0.303194	0.009971	-0.513006	-0.726267
351	0.393117	1.427097	3.954544	4.755804	2.242744	2.249461	3.747380	2.384026	-4.254554	-3.468581
352	0.429961	0.245267	0.169095	-0.296097	0.456432	-0.816379	-0.333644	0.482185	-0.670606	0.261929
353	4.799302	4.806053	11.129340	-3.307929	-2.565932	1.380480	0.039625	-0.733015	-2.278687	-7.854696
354	-0.416815	0.077403	-0.284853	-0.213636	-0.570555	-0.409371	0.227168	-0.481176	-0.003697	-0.057461
355	-1.788463	0.841783	-1.025642	2.191775	2.536510	1.359051	-0.302728	1.054020	5.095514	1.944084
356	-0.521266	-0.144067	0.333389	0.129007	0.110622	0.088760	-0.242780	-0.044452	0.075988	-0.109055
357	1.015370	0.712480	-0.367194	-0.031947	-0.061663	0.224332	0.439497	0.611787	0.803899	0.011441
358	-2.155013	-1.553814	1.289320	0.066634	0.374516	0.566862	1.259555	0.037169	-0.215435	1.539833
359	16.274803	14.713456	-28.840668	55.662230	9.874316	0.239151	-4.996422	2.397999	9.602709	6.851881
360	-1.108811	0.055518	0.973179	0.223416	-0.218463	0.444503	-0.378873	0.321805	-0.209618	-0.669710
361	0.026440	0.731608	0.402831	0.178690	-1.033103	1.184271	0.028420	-0.779805	1.774660	0.722812
362	-0.268206	-0.163640	-0.228473	0.258221	-0.321318	0.682189	0.566023	-0.414521	0.603024	0.104761
363	-0.027208	-0.196315	0.066633	0.071800	0.282002	0.706507	-0.036268	0.162757	0.372378	0.251047
364	3.958815	6.726856	6.246619	7.492412	1.408395	-2.451226	-0.409061	1.521381	-3.168612	2.464106
365	-1.382523	1.227891	0.398364	0.115220	0.909393	1.282106	0.425061	-1.200066	0.476600	-3.407681
366	0.220611	-0.020676	0.004578	-0.165347	-0.270635	0.074326	0.043134	-0.512299	-0.270206	0.049349
367	-0.588192	0.463514	-0.251550	-0.340702	-0.578850	0.359678	-0.718639	0.016036	0.508637	-0.688145
368	0.332636	-0.179123	0.216906	0.159441	-0.452265	-0.177975	-0.132527	-0.722921	-0.305305	-0.530310
369	0.131210	0.723924	-0.554009	-0.050299	0.574073	0.076971	1.217752	0.102567	0.493604	2.236175
370	-0.500688	-2.114134	1.503606	0.175963	-0.637276	-1.679177	0.676742	-3.673386	-4.556998	0.820058
371	0.060811	-0.126870	-0.081685	0.011377	0.190925	-0.227063	-0.141324	0.039482	-0.222638	-0.518832
372	-1.319744	0.235815	1.130887	-0.711802	1.425880	0.039022	0.188856	1.221476	-0.051817	0.667888
373	-0.657629	0.220145	-0.222230	-0.315993	-0.410073	0.135889	-0.269777	-0.161241	-0.204136	-0.080256
374	2.817657	1.831986	3.248520	11.829467	4.999070	-0.451753	-0.420896	5.634459	-2.972825	-0.285487
375	0.681456	-0.330497	-0.060591	-0.353566	0.175770	-0.679442	-0.446549	0.058117	-0.270441	0.390753
376	0.002140	0.228318	0.107781	0.073356	-0.104198	-0.120132	-0.427772	0.290308	0.533096	-0.758128
377	0.001144	0.221054	0.272917	-0.237276	-0.990017	0.531077	0.054051	-0.195810	0.865729	0.447870
378	0.175234	0.070638	0.118173	-0.069475	-0.737877	-0.706520	-0.163079	0.999102	0.428433	-0.044536
379	0.035565	0.160923	0.034403	0.026554	-0.117296	-0.520573	-0.164249	0.243895	-0.285088	0.440881
380	0.156241	-0.038188	0.071149	0.051685	-0.200279	0.001845	-0.339085	0.206766	0.266805	-0.025924
381	-3.398051	0.739676	-2.143825	0.342535	-1.325407	0.189329	-0.420355	-3.989108	-1.932265	0.987669
382	0.385653	0.461090	-0.438832	-0.455156	0.672164	-0.725658	1.687491	-0.175977	-1.322690	0.790031
383	-0.124199	0.271323	-0.778691	0.425038	0.355137	0.992217	1.570085	0.160688	0.942899	1.645801
384	0.679097	0.665936	0.062092	-0.030575	-0.013391	1.125958	-0.443497	-0.208767	0.858342	-0.366926
385	1.657882	1.361547	-0.796761	1.633399	-0.099962	0.125983	0.558600	-0.662070	-0.431544	-0.072390
386	0.023567	-0.024971	0.144808	0.062741	-0.043479	-0.314275	0.418375	0.381821	0.038455	0.352858
387	-1.099301	-0.475405	-0.158945	-1.885051	2.402590	3.678758	-0.353540	2.222914	-0.182915	-1.107812
388	15.903318	64.148251	6.558744	28.619392	-5.344940	11.412243	-8.437129	6.375489	9.773898	1.271890
389	-0.746726	-0.574731	0.267761	-0.295704	-0.220025	-0.978589	0.310743	-0.751691	-0.044317	0.651397
390	-0.616040	-0.206371	0.602166	0.408840	-0.737502	-0.001552	-0.788787	-1.335275	-0.195988	0.033501
391	-0.409410	0.209557	0.490785	-0.240220	-0.376251	-0.133570	1.336498	1.263803	0.375415	-0.068235
392	0.449177	-0.240608	0.092075	-0.074772	0.186179	0.107149	0.043720	-0.112168	0.297373	0.216207
393	0.360718	0.013063	-0.147375	-0.125895	0.080212	-0.085046	-0.011684	-0.200073	0.083174	0.001434
394	-0.812752	0.509269	1.003943	-0.242725	-0.494478	-0.500285	-2.210005	-0.267893	0.042313	-1.283506
395	0.581591	0.121414	-0.031169	-0.255751	0.104449	0.189418	-0.110012	-0.106250	0.108574	0.072838
396	2.630524	5.663256	-3.468751	-5.991649	1.906073	-1.740730	2.184353	-4.923717	-5.063258	-1.097506
397	0.013326	-0.110146	-0.175311	-0.033097	0.452364	-0.085732	-0.518225	0.127880	-0.104331	-0.405975
398	1.029291	6.444129	6.363721	-7.818040	-4.249754	3.976076	3.068254	-1.740171	4.461421	-1.137489
399	1.427444	-0.535966	-1.942053	-0.403071	-2.335854	0.723663	0.543041	-1.131844	-0.331979	2.180670
400	-0.295746	-0.143138	-0.164943	-0.000272	0.278498	-0.146140	-0.219254	-0.163588	0.047702	-0.538261
401	0.539964	-0.116388	0.102055	-0.313638	-0.256707	0.267629	0.102837	-0.022454	0.588402	0.279368
402	-2.049534	-1.013115	-1.269989	0.076316	0.633628	0.134225	0.505162	-0.821135	-0.024671	-1.170671
403	-0.684006	-0.327389	0.704283	0.859114	-1.588709	0.217816	-0.985047	-1.498736	1.263603	-1.405944
404	-2.317636	1.256683	0.360710	2.387373	2.050478	4.189962	-1.781470	1.348000	1.704867	-0.898088
405	3.674607	-1.476195	0.191967	-8.574439	-2.124513	0.395318	0.502378	-2.679601	0.303065	0.340397
406	-0.716622	-0.275976	-0.279501	0.267173	0.285448	0.047882	0.219399	-0.291003	0.214269	0.049125
407	0.590673	-0.069944	0.464569	0.150515	0.623053	0.479621	-0.608940	1.058831	-0.071053	0.129440
408	-0.075395	0.149359	-0.007225	-0.176406	0.518259	0.529691	0.559830	0.166504	-0.628530	0.024015
409	-0.733049	0.938690	-0.099218	-0.091180	0.353936	-1.573976	0.187148	-0.508431	-0.837799	0.846023
410	-0.872705	2.314251	0.972917	-2.054469	0.033286	-3.577032	-2.322440	-2.351753	-1.293450	-2.595519
411	2.332512	3.345383	-0.623225	0.354468	0.634830	1.332434	-3.040300	0.230637	0.919222	-1.169006
412	-0.035648	0.058875	0.232735	-0.226028	0.677276	-0.313703	-0.205157	0.905158	-0.266485	0.019869
413	0.935294	0.576952	0.143864	-0.190367	0.189578	0.049634	0.728941	0.122496	-0.092557	0.184567
414	-0.186373	0.326695	0.018709	0.073155	-0.128090	-0.571235	0.593824	0.000905	-0.736114	0.308851
415	-1.995856	1.194061	0.113419	-1.424711	1.495229	-0.598059	0.568729	0.536718	1.003597	1.166548
416	-0.685643	0.117141	-0.503195	0.253675	0.043728	-0.463854	0.619378	-0.451164	0.719161	0.075211
417	0.444854	0.415780	-0.168567	0.100117	0.045019	-0.214877	0.537481	-0.793181	-1.262403	0.082085
418	-1.035209	-0.174725	0.927097	-0.094030	0.083409	-0.247187	0.553525	-0.040769	0.302771	-0.084898
419	0.821499	0.311990	0.181001	-0.383478	-0.555428	-0.360310	-0.588393	-0.195488	0.032421	-0.177249
420	0.226397	0.186257	0.024219	-0.168474	-0.529794	-0.346763	-0.619010	-0.163087	-0.159511	-0.219818
421	-1.860225	-1.100704	0.164357	-0.763676	1.834624	-0.995669	-1.604180	-0.269170	-1.711562	-1.234105
422	1.630573	-1.773014	1.516912	1.008314	-0.722884	1.434982	-2.258398	1.044458	0.664546	-0.334773
423	5.267235	-13.988896	17.480026	6.965288	-3.355318	0.849333	6.188218	3.864132	-1.558709	-3.386183
424	0.107713	0.074570	0.014159	0.052147	-0.189216	-0.206761	0.120395	-0.087018	0.051085	0.316770
425	-0.101064	-0.053311	0.081702	0.033984	-0.122930	0.304175	-0.103873	0.271757	-0.185728	0.052627
426	-3.047314	1.459640	1.749874	0.536376	-0.852847	0.404612	-3.153391	0.484539	1.448729	-1.890772
427	0.190006	-0.118595	-0.066104	0.160576	-0.078845	0.133135	-0.537734	-0.193185	0.762924	0.705827
428	-0.633745	-0.393588	-0.212550	0.656064	1.286963	-0.049882	1.182328	0.767923	-0.459529	-0.114539
429	0.067676	0.077125	-0.414295	0.260314	-0.506374	-0.829561	-1.187463	-0.878726	-0.221170	-0.074511
430	0.016897	-0.019562	-0.444230	0.500704	-1.668835	-0.470504	0.209419	-1.042035	1.159243	0.295766
431	11.943823	14.125293	-57.077406	-5.697748	-11.306809	-7.324650	10.313917	-18.125175	-1.595326	6.077426
432	0.090397	-0.075755	-0.034009	-0.123647	0.388231	-0.153586	-0.228281	0.165720	0.485760	-0.202503
433	0.075361	0.092756	0.007009	-0.146700	-0.410027	0.156098	-0.035885	-0.142315	-0.715273	-0.340069
434	1.451927	-4.059332	0.720173	-5.563920	-4.473052	-0.562307	1.767151	-2.813244	-0.281802	3.439433
435	-1.079558	-0.244360	-0.362469	-0.694504	-0.352232	-0.320134	0.178477	0.167907	-0.371628	0.247413
436	-0.643068	0.130981	0.444112	-0.096425	-0.015902	-0.002854	-0.033507	-0.081398	-0.023847	-0.221629
437	2.982758	0.116126	4.571520	1.030171	0.898671	-0.644735	0.336592	2.058787	0.205681	1.278645
438	-0.250334	1.418769	1.058340	-1.150118	-2.255525	-0.273352	-0.948502	-1.168704	1.489361	-2.157089
439	0.470512	-0.128518	0.088040	0.272881	-0.135016	0.195568	0.388331	-0.322604	-0.243706	-0.588370
440	0.176018	-0.449244	-0.222914	-0.027277	-0.681752	0.078866	0.136556	0.032563	1.302179	-0.728965
441	11.802142	-27.479100	-16.350083	10.099180	-0.965045	1.401554	-0.806587	0.767498	-1.510856	0.092905
442	-0.229116	0.084551	0.068220	0.146932	0.033761	-0.294726	0.065371	-0.261634	-0.424217	0.399560
443	-1.109343	-0.037461	-0.734175	0.383141	0.384984	0.229557	0.021602	-0.163908	-0.010905	0.418970
444	0.191525	0.183462	-0.289128	-0.449729	-0.538449	-0.876036	0.988054	-0.863172	-0.762447	-0.506411
445	-1.615720	0.511461	-0.344168	0.847453	0.820042	-0.006388	0.295159	0.837986	-1.969167	-2.098097
446	-0.204606	0.224296	0.266402	-0.092249	0.193157	-0.323370	-0.739945	-0.030916	-0.344958	-0.795552
447	1.437830	0.822085	-0.609677	0.491657	-0.396151	-0.307248	-0.246152	-0.040797	0.009227	0.607295
448	2.928211	-1.332456	-3.810419	-6.923257	-2.197650	-1.098269	1.194125	-4.683498	-0.752915	1.149167
449	-0.413467	-0.215581	-0.102747	-0.047980	-0.077338	-0.052691	0.034738	0.180102	-0.168411	-0.022996
450	2.385348	7.267615	-4.314554	-10.226247	-1.014680	1.798982	3.657064	3.957518	0.457485	-2.517636
451	-0.080548	-0.280575	-0.336600	0.159427	-0.165796	-0.477213	-0.961320	0.485796	-0.510974	-0.562245
452	0.251365	-0.036501	0.205317	-0.149616	-0.177881	0.178318	0.355210	-0.301824	0.423325	0.587318
453	-1.358302	0.691651	1.179103	0.369793	-0.437670	-0.505422	-1.812390	-0.301330	1.788596	-0.896843
454	-0.505478	0.090217	-0.245539	0.338826	-0.352408	0.486208	0.607366	-0.035694	0.373276	0.118791
455	-0.482748	-0.279372	0.259064	0.007401	-0.123892	-0.350541	0.161540	-0.410868	-0.240069	0.325572
456	-4.291437	-0.260192	1.776923	-1.078385	1.581840	0.727898	1.021081	1.259820	0.219724	-0.145347
457	10.916120	3.038112	34.513594	6.157179	0.909497	5.220421	-1.641345	-1.844480	-4.698517	-0.822791
458	0.393426	-0.047212	-0.177280	-0.634028	1.453738	-0.492573	0.123506	1.159297	-0.121036	-0.146520
459	-0.939621	-0.227637	-0.434371	-0.636765	0.139977	0.231856	-0.230777	0.266695	0.357002	-0.316315
460	-0.616984	0.370157	0.249442	-0.099451	0.368345	-0.634133	-0.140242	-0.016910	-0.126041	-0.458544
461	0.229739	-0.152790	-0.019675	0.158981	0.195526	0.581753	0.222157	-0.031889	0.507629	0.069921
462	-0.281530	0.979537	-0.449840	-0.179838	0.719969	1.415754	-0.237456	0.778174	2.232886	-0.729137
463	0.162050	-0.096152	-0.021829	-0.000762	0.017664	-0.319176	-0.212455	0.086180	-0.135550	0.137138
464	0.361084	0.201516	-0.154164	0.075017	0.098466	0.269967	0.335274	0.404050	0.545667	-0.008951
465	1.028428	-0.476691	0.608841	-0.513992	-1.110724	-0.492937	-0.062022	0.036812	0.321493	0.854950
466	0.036313	-0.041527	-0.033422	-0.040478	0.006656	0.270410	-0.296318	0.281418	-0.377349	0.089140
467	-0.587259	-0.512920	-0.087923	0.176903	-0.328004	1.028643	-0.661586	-0.067386	0.387495	0.219051
468	-1.532222	-0.971159	-1.054501	0.223824	-0.943352	1.070461	-1.125546	-1.609209	1.170729	0.609920
469	-1.497660	1.417666	-0.073316	1.493292	0.659708	-1.381788	-1.149416	0.884915	-1.876857	-0.476949
470	-0.052448	-2.188364	-1.959167	-0.176219	0.702553	-1.679280	-1.297697	3.684327	-2.867056	-2.633629
471	-0.406185	11.196485	3.897338	10.190782	-6.473729	-4.575540	4.437045	-2.106884	-0.587289	6.964990
472	-1.464146	0.907911	0.732156	1.630485	2.950184	-3.114745	-0.088861	0.585693	-2.122266	0.471551
473	-1.400402	-0.223105	-0.431422	-0.907847	-0.160271	-0.341205	-0.526202	-0.816680	-0.096743	0.974390
474	6.073279	39.724658	-12.203612	6.358432	-4.344252	-3.814202	-4.164004	3.092414	-2.907760	-0.916555
475	-0.167333	0.098938	-0.057512	0.207039	0.316930	-0.124846	-0.289519	0.459034	0.217989	-0.055342
476	-0.560454	0.816500	-0.189033	-0.151534	1.443254	-1.290877	2.688389	-0.965066	1.379875	-0.222749
477	6.199593	10.949307	-10.312350	-4.916197	-3.508233	-4.203605	-1.707387	-1.002976	3.020694	-5.858647
478	0.319259	1.036083	-0.622261	2.393958	-1.645413	-2.799903	0.721683	-1.776061	-0.848594	-0.189251
479	-0.039935	-0.315584	0.287901	-0.043824	-0.081820	-0.334047	0.498640	-0.450145	0.029045	1.328791
480	-1.891280	-0.379213	-0.354179	1.276612	-0.467030	-0.052559	-0.149458	1.165657	-0.587951	0.179310
481	1.579131	-0.132153	0.087674	1.614928	1.077346	-0.280180	0.192361	0.558086	-0.403378	-0.021440
482	-0.455066	-0.081439	0.146043	-0.344544	0.171858	-2.388541	1.386078	-1.008475	1.653035	-1.500097
483	1.360167	1.651150	-1.212258	-0.024399	1.877090	0.944334	0.218027	-1.536285	-0.520984	1.812984
484	0.130688	0.008628	-0.114395	-0.055442	0.220939	-0.211306	0.577262	-0.223919	-0.083134	0.029854
485	1.402215	0.446516	-0.794630	-0.475760	0.562233	0.298714	0.630679	0.230248	0.131151	-0.604830
486	4.434590	-11.065684	-6.318482	4.593675	-1.043859	0.577759	0.729184	-4.194914	8.727858	-0.549816
487	-2.063177	-0.913794	-0.112719	-0.998957	0.292891	-0.018164	-2.570242	2.349303	-0.779293	0.242976
488	0.204668	-0.157387	0.097128	-0.002163	-0.132907	-0.181005	-0.400885	-0.084159	-0.186869	-0.323630
489	0.366201	0.267303	-0.151442	0.209499	-0.135713	-0.375522	0.060693	-0.088406	-0.926117	-0.715567
490	-0.412529	0.007850	0.529875	0.727249	-0.232718	1.325083	-0.236325	0.539018	0.795910	-1.312310
491	-0.164646	0.075074	-0.155175	-0.105095	-0.148666	-0.559002	-0.543656	-0.140988	0.472326	0.464769
492	1.199330	-0.337901	1.184941	-0.889587	-0.740886	0.909364	0.707408	0.421165	0.769662	1.650439
493	-0.072147	-0.049771	-0.132275	-0.086668	-0.373676	-0.034235	0.179155	-0.397708	-0.001808	0.318807
494	0.271255	0.248994	-0.108766	0.021393	0.147797	0.591837	0.489294	0.223628	0.393208	0.196457
495	-0.669523	0.467467	-0.075839	0.106267	-0.006157	-0.033125	-0.205898	0.126247	0.389100	-0.068379
496	0.939483	0.356617	0.273596	1.137177	0.229545	1.357445	-0.472873	0.309240	2.020880	-0.508918
497	-0.438600	0.269458	0.741340	0.402898	-0.969520	0.050775	0.567954	-0.588814	-0.954915	2.138097
498	0.230478	0.087278	0.101391	0.235256	-0.094949	-0.620642	0.189418	0.208781	-0.671415	0.325248
499	0.089384	0.031437	0.059707	-0.013668	-1.192253	0.456388	0.192894	1.268538	-0.461694	-0.040267
500	-1.011011	0.390106	-0.194733	-0.689566	0.240462	-0.177394	0.157262	0.479200	0.098352	0.272198
501	-1.393048	-2.001587	-1.101047	0.383447	1.425030	-2.172984	1.548766	1.902644	-2.692870	1.850379
502	-0.226606	-0.087339	-0.014365	0.108709	-0.220496	0.310936	-0.111706	0.020389	0.250197	0.025078
503	-0.834471	-0.446448	-0.332692	-0.542510	-0.605026	0.393939	0.320869	-1.006625	0.814815	0.264163
504	-0.010435	0.419417	0.186317	0.567552	0.892665	-0.487171	-0.780532	1.033104	1.545722	-0.990090
505	-0.582723	0.408525	0.323009	-0.684105	1.406247	-0.159566	0.774480	1.294678	-0.044517	0.742054
506	-1.749721	0.304220	0.083806	1.486190	-0.885944	1.301181	0.753772	-0.168991	0.608620	-0.645533
507	-0.371973	0.221861	0.579835	0.214133	-0.874498	0.532974	-0.960838	0.004686	0.450538	-0.801172
508	1.468273	-0.541154	-0.304017	2.356458	-3.115077	-2.215769	-0.959474	-0.747324	-1.798705	-0.445300
509	0.035256	0.031637	0.208964	0.065901	-0.083055	0.168114	0.619316	-0.726044	-0.276983	0.114261
510	-0.791370	-0.104163	0.660120	-0.026798	0.327082	-0.045566	-0.301463	0.434116	0.132611	-0.514065
