2	3.090356	-12.187625	4.942101	7.674119	6.224151	-2.552781	9.063960	2.533776	-4.098046	9.127704
3	-2.868015	-0.318303	-1.212862	1.405965	1.531904	-0.130155	-1.624756	-0.626342	1.890026	3.347822
4	0.579152	-0.042054	-0.296150	-0.486467	-0.375278	0.677619	0.088901	-0.010116	1.085939	-1.129174
5	-0.554021	-0.015496	-1.171020	0.562817	2.159311	-0.273002	-0.393210	2.253791	-0.285280	-0.646845
6	-3.530336	-1.640107	0.645314	1.438250	-1.235578	-1.216253	0.148891	0.137385	-3.123401	0.545954
7	-0.652349	-0.120628	-3.687071	-1.221664	2.498600	0.241802	1.914152	3.310977	-2.470800	4.239951
8	2.718102	4.521096	-5.928081	1.290366	-1.178692	-1.806135	-5.840574	2.499701	1.698090	0.715963
9	-0.039680	-0.255991	-0.345223	0.585681	-0.901232	1.996613	-0.043256	-1.399051	-1.959155	-0.940124
10	-1.271423	1.345287	2.716655	-1.481579	5.742791	-1.865802	1.489268	2.948566	0.551052	3.991888
11	0.290780	-0.046051	-0.107332	-0.101258	0.115600	-0.158100	0.157805	0.261539	0.017519	-0.180322
12	0.289764	-0.073487	0.134053	0.032974	-0.078012	-0.111249	-0.020009	0.150391	0.135209	0.083893
13	-2.168500	-0.235825	-0.404863	-0.966747	1.656375	-0.171759	0.021282	0.860969	-0.306252	-0.435182
14	-2.259509	2.328336	0.332893	-0.063736	0.414048	2.605306	-3.564085	-1.016404	0.431247	-2.579467
15	3.320855	-6.939004	3.397491	-8.428227	2.900618	4.214051	-0.136907	2.610502	4.301833	-0.967455
16	-0.744266	0.028924	0.290481	-0.628774	-0.619510	0.615388	0.274587	-0.615145	0.386385	0.131413
17	0.473565	-0.011831	0.022550	0.286754	-0.181930	0.528607	-0.084838	-0.005954	0.142862	0.024287
18	-0.134081	-0.213276	0.071189	0.122682	-0.048018	-1.015881	0.269088	0.075442	-0.024213	0.382123
19	-1.490385	1.280437	8.490159	-1.852251	2.922612	1.476244	1.342099	3.631270	-2.545910	-1.714571
20	1.184489	-0.396099	-0.716157	-0.344941	0.730528	-0.360333	0.199153	0.697922	-0.459027	-0.138293
21	-0.800238	-2.665524	-1.464133	-2.557323	0.793144	-3.014754	2.115312	-0.398483	-2.001500	0.345264
22	-1.051003	2.298560	1.447377	-0.301294	-2.104143	2.049706	-4.797663	-0.928653	1.922877	0.743772
23	-0.535575	-0.334325	0.119830	0.177836	-0.013194	0.280909	-0.235199	0.061999	0.161820	0.028626
24	1.305229	0.377126	-0.009231	-0.901955	-1.122235	0.826881	-0.168105	-0.306902	-0.273865	-0.435110
25	-1.106535	-12.820101	-4.341231	-2.927826	-0.773750	-2.332507	-9.518932	4.623165	-1.471982	-1.695257
26	1.096607	0.090620	0.979122	-0.567015	-0.582092	-0.206369	-1.239828	-0.718473	-0.637442	-0.425147
27	-0.802803	-0.782278	-0.095957	0.369632	-0.563742	1.132514	-1.125264	-0.373471	0.624700	-0.402043
28	-0.228655	-0.178194	-0.219457	0.142924	0.902571	0.230115	0.269793	0.244074	-0.775504	0.322392
29	-1.806744	1.184752	1.749177	0.980589	3.583146	0.286409	0.307239	0.636221	-4.460165	2.039535
30	0.371850	0.155063	-0.196841	-0.197234	0.493998	0.273068	0.110074	-0.177978	0.564710	-0.697732
31	-2.066561	1.169792	0.528939	0.110982	-0.745442	1.304219	2.209340	-0.104819	0.004584	0.514694
32	0.705450	0.483746	-0.268725	0.029347	-0.292825	-0.665539	-0.137919	0.115798	0.331346	-0.003975
33	5.215449	3.532094	-8.900564	-11.973262	3.967655	-7.528197	5.999823	-1.412835	-3.821141	3.190822
34	0.803579	0.028845	0.194257	-0.396540	-0.295066	0.199993	0.004789	0.118994	0.050450	0.105091
35	2.853962	-2.368371	0.571938	-3.934659	-0.926858	-0.112047	0.929074	-2.087517	0.338547	0.918310
36	0.269426	0.056485	-0.083323	-0.261587	0.489566	0.411065	-0.367395	0.158736	0.641014	0.172266
37	-2.326769	0.173382	-0.142822	-1.889696	1.018456	0.253109	0.355047	0.772278	0.007221	-0.210416
38	0.446922	0.129758	0.109572	-0.077653	0.116702	-0.463885	-0.442076	0.183480	-0.168216	0.051764
39	-0.251087	0.018284	0.254888	-0.000122	-0.084978	-0.267693	0.083892	0.358130	0.248323	0.385737
40	-1.466881	-3.347669	-2.374546	1.462580	0.837152	0.750169	1.947647	0.060104	0.462640	2.074797
41	0.764903	-0.155659	0.362726	0.135828	-0.148571	-0.001935	-0.044904	0.170991	-0.038546	0.178713
42	-0.872099	-0.368283	-0.057459	-1.030977	-0.563825	-0.893768	-1.693342	0.920187	-0.818504	1.661439
43	-0.621574	-0.016469	0.078531	-0.383978	0.139513	0.146731	-0.089198	-0.094379	0.183827	0.154865
44	-0.408175	-0.098980	-0.373930	-0.016906	-0.403670	-0.079082	-0.484907	0.006083	0.210091	-0.085123
45	-0.516952	1.226663	0.682709	-0.622810	-1.956240	1.858364	-0.251112	-1.151979	2.257780	-1.358653
46	0.334766	0.193460	0.190378	-0.148873	0.463433	-0.081228	0.460984	0.517120	-0.159499	0.505406
47	0.132546	0.453043	0.050550	-0.302828	0.202125	2.045593	0.066646	-1.305308	-1.225351	-1.579900
48	-1.323242	0.776678	1.060575	-0.010590	0.728878	-0.803801	0.062265	0.656100	-0.206889	0.296622
49	0.444343	0.450344	-0.143775	-0.507296	-1.202615	-1.236492	-0.917421	-0.113066	-1.209957	0.442791
50	0.287118	-0.186413	0.093811	-0.063363	-0.254618	-0.414524	0.086091	-0.140360	-0.211390	0.149251
51	0.881815	-2.281064	-4.930296	2.664745	2.974140	0.156372	1.560983	3.328439	-1.965837	0.486340
52	0.186514	-0.385414	-0.397651	-0.252410	0.563856	0.265339	-1.045002	0.578865	-0.119664	-0.929350
53	-0.701393	0.294383	0.116057	-0.261881	-0.221329	0.070304	-0.152134	-0.011680	0.076807	-0.044602
54	5.815682	6.580529	6.532805	10.809448	-1.088260	1.130524	-2.104998	-1.255159	2.054053	1.607106
55	14.754453	-34.996401	31.353921	-20.272340	8.270755	6.615957	8.208530	-3.999592	3.311096	-0.229249
56	-2.865578	-0.278260	0.467617	-1.538898	-2.780249	1.281865	-0.445464	-0.725895	1.779857	2.009801
57	0.428911	-0.089006	0.197274	-0.100284	-0.001625	0.031262	0.157550	-0.009011	0.073212	0.057408
58	-0.416022	-0.013959	0.231667	0.196412	-0.216748	0.041032	-0.177807	0.021120	0.211787	-0.134297
59	6.980553	-16.928598	2.854695	1.894306	-0.560483	-1.591258	-2.756696	-0.395731	-0.890746	-2.048259
60	-0.884030	0.020346	0.638088	-0.467165	-0.342803	-0.715296	-0.674752	-0.518046	-0.254288	-0.687070
61	0.009724	0.177134	0.002045	-0.111644	0.078440	0.086398	-0.249826	-0.253447	0.890475	-0.009968
62	-0.794231	0.378865	0.508117	-0.243887	-0.655045	0.906630	-0.206460	-0.377505	-0.205620	0.062979
63	0.163279	-0.597201	-0.310391	0.453777	-1.109878	-0.676186	-0.582952	-0.775494	0.639145	-1.923632
64	0.133105	-0.061152	-0.106162	0.137533	0.551770	-0.526977	0.404355	0.266705	0.487001	-0.071290
65	-0.644669	0.258754	0.326531	0.368997	0.321784	-0.049425	-0.422363	0.405289	-0.127413	0.068981
66	0.167508	0.055802	0.106187	0.151048	0.230908	-0.621164	-0.176269	0.194953	-0.087760	0.517333
67	-1.467659	-1.471239	-0.481019	0.269657	-0.309560	-1.844095	-1.605781	0.642168	-1.375033	-2.321662
68	-0.162920	0.007482	-0.018897	0.164120	0.339724	0.315645	-0.110464	0.036183	0.227105	0.155816
69	-0.574196	-3.666255	4.378249	-3.779345	-2.162139	0.719094	2.555802	-1.422572	-0.825346	0.798552
70	-0.993542	-0.610312	0.291495	0.359462	0.045673	-0.047599	-0.238989	-0.025178	0.412805	-0.022384
71	0.023227	-0.053949	-0.026221	0.118900	-0.355002	-0.117301	-0.320960	0.064373	-0.553209	0.041232
72	-0.206603	-0.018643	0.178693	-0.101206	-0.448671	0.291239	0.422998	-0.200288	-0.039795	0.140503
73	0.489157	0.247686	0.142522	-0.007919	0.009985	0.074917	0.010731	-0.041163	-0.009725	0.186922
74	0.034523	-0.012891	-0.140322	0.075807	0.505062	-0.020876	-0.376286	-0.467633	-0.327290	-0.261851
75	0.048138	0.264271	0.121023	-0.110677	-0.556664	1.036998	-0.296676	-0.242670	0.046446	-0.427232
76	0.569093	-0.386681	-0.423841	0.139988	-1.039574	0.425891	-0.548363	0.970120	-0.719567	-0.532760
77	2.195213	3.432633	29.428749	-10.988318	-4.768214	1.484982	-3.005569	-5.784439	-2.124428	-2.003478
78	2.278696	-5.087233	-2.833432	4.545620	-2.919713	0.177168	-3.227952	-3.054621	0.324595	-3.145368
79	-0.267369	-1.231260	-4.807289	-0.685447	1.942149	0.419590	3.110609	-2.971002	-0.417788	-1.275348
80	-0.671132	0.026900	-0.515367	-0.216872	-0.772505	-0.451753	0.052721	0.170589	0.019992	0.898632
81	-0.277487	-0.109081	0.274816	0.013681	0.275480	-0.124884	0.682673	-0.166832	0.115546	0.371220
82	-0.025179	0.086741	-0.351963	0.237091	0.494772	-0.887393	-0.648308	-0.462905	-0.183812	-0.953577
83	-0.389711	0.346288	0.024660	0.226477	0.569301	-0.001306	-0.443869	0.105920	-0.663605	-0.516215
84	-0.486580	-0.470054	-0.018891	-0.014972	-0.055266	-0.683576	-0.418284	0.131561	-0.435031	-0.565756
85	-0.047618	0.203531	0.262150	-0.014237	-0.231757	0.155999	-0.962605	-0.177059	0.077307	-0.586019
86	0.274444	-0.074568	-0.021470	-0.208698	-0.086686	0.063574	0.094407	0.084573	-0.574145	-0.041122
87	0.328918	0.248777	0.018972	0.370226	-0.170388	-1.383143	-0.091176	-0.107366	-0.502506	0.374454
88	-0.360692	-0.269407	0.231686	0.129345	0.369116	0.309781	0.313046	0.624702	0.569736	0.181549
89	-0.211505	-0.321052	-0.027158	-0.107137	-0.581263	0.620186	0.429153	0.258497	0.464734	0.263025
90	-1.967215	2.421883	0.488416	0.057212	0.561066	-0.913725	-3.009459	0.292294	-2.585163	-3.244393
91	-0.372267	-0.234248	0.340146	0.163483	0.258695	0.357904	0.393412	0.951991	0.156608	0.270837
92	0.605683	0.360789	-0.054131	-0.005408	-0.074350	-0.535637	-0.030967	-0.017289	-0.063853	-0.082227
93	0.446179	-0.262059	0.079155	0.030386	-0.072853	0.324113	-0.657123	0.197679	0.354776	-0.034732
94	0.286366	0.062037	-0.097215	0.093887	0.260378	-0.135556	-0.303436	0.041834	0.084870	0.051267
95	-0.708163	-0.252046	-0.348821	0.393893	-0.012514	0.486300	0.462761	-0.371620	0.549749	0.208944
96	-1.091824	0.115917	-0.901388	-0.335565	0.964204	0.081015	0.831432	-0.224458	-0.284951	-0.028112
97	0.191506	-0.057659	-0.017770	-0.075158	-0.108804	0.194490	0.019986	0.042506	-0.028298	-0.008418
98	-0.401225	0.008707	0.011485	-0.314201	-0.116272	-0.332505	0.182136	-0.386060	-0.044959	-0.209859
99	0.722708	-0.481616	2.867792	-0.713307	-0.667334	-0.545139	-1.177216	-0.092691	-0.455040	-2.331025
100	-0.717899	-0.034849	2.607915	4.543695	-1.053429	1.586628	3.086606	3.980757	4.231449	-6.403587
101	0.292404	0.039391	-0.175129	-0.025219	0.172881	-0.183348	0.123094	0.002005	0.184925	0.139151
102	0.143023	-0.066189	0.081881	0.037958	0.147878	-0.022228	-0.347382	0.071050	0.241324	0.256539
103	4.745096	7.681988	5.042601	-9.718665	1.308214	0.149243	-4.629676	-2.717442	-1.753124	2.683531
104	0.573559	-1.167222	0.022541	0.520837	-0.994373	0.259794	2.534924	2.398675	-0.859270	0.638296
105	-0.637081	0.258613	-0.148750	-0.250679	-0.103042	0.099866	-0.172644	-0.113597	0.106032	-0.173029
106	-0.629022	0.066869	-0.098868	0.477840	-0.140419	0.143306	0.366634	0.168264	0.099716	-0.320249
107	-0.663327	-0.139953	-0.069475	0.803495	0.126795	1.490492	0.247509	0.812009	0.597941	0.096580
108	0.704973	0.179319	-0.043899	0.509741	-0.202167	0.025961	0.182023	-0.129775	-0.050756	-0.067369
109	-2.726629	-1.844245	0.534713	-0.088031	1.613531	1.487871	-3.913918	-0.753801	0.668684	-0.998331
110	0.327720	-0.000421	0.158697	0.109328	-0.019382	-0.142447	-0.038008	-0.056096	0.021639	0.213077
111	-0.283756	0.171385	0.088372	0.155233	0.017227	-0.456409	-0.249428	0.331609	-0.232885	0.256701
112	4.909725	-0.533649	2.890993	9.705212	1.270362	-0.032486	-0.496940	0.187029	0.344051	0.484270
113	-0.393366	0.304105	0.069658	-0.065824	0.239218	-0.323204	0.097914	-0.080020	-0.154314	0.132244
114	0.021226	0.266774	-0.033739	0.211427	0.396463	0.204776	-0.623982	0.439752	-0.620439	-0.497438
115	-3.120895	-1.331279	1.667416	-1.836975	-0.253497	1.201321	2.074202	-1.805744	1.882349	2.217128
116	-0.097462	0.096329	-0.517453	0.142798	1.400517	0.240123	0.104449	0.826948	0.305382	0.369686
117	-0.188386	-0.078628	-0.080901	-0.134706	-0.193079	0.227354	0.031194	-0.386248	0.040960	0.145818
118	0.393810	0.022121	-0.190633	-0.255963	-0.327906	-0.764384	0.888086	-0.213836	-0.086518	-0.300935
119	-0.718650	0.144116	-0.408354	-0.147232	0.155605	0.115370	-0.146357	0.072013	0.019617	-0.005240
120	-0.206836	0.140137	0.191483	0.150299	0.017475	0.542293	-0.268605	-0.778184	0.370629	-0.185175
121	1.123856	0.092631	-0.004463	-0.849673	-0.299971	0.796118	-0.176737	0.222766	0.403279	0.162018
122	0.396598	-0.211258	-0.063827	0.120184	-0.012548	-0.213885	-0.049196	0.279259	-0.450768	0.165021
123	-0.291071	-0.496253	-0.614819	-0.375659	0.815208	-1.599907	1.363187	0.624816	-0.537140	0.232059
124	0.363996	0.225572	0.283885	0.305686	-0.928111	0.520397	-0.718017	-0.511278	0.786168	0.566773
125	0.957952	-0.701309	0.382595	-0.654435	-0.522338	-0.753702	0.135008	0.272557	-0.661188	-0.694538
126	11.130374	4.854867	31.306996	27.087453	3.714867	-2.920894	15.096683	23.508067	-16.510772	2.483337
127	2.253076	3.455571	-3.582770	2.138935	2.240923	-0.197161	1.368066	-2.658919	0.317807	-0.490695
128	-0.348945	-0.061803	-0.298248	-0.039548	-0.714120	0.270481	0.093170	-0.152847	-0.065515	-0.284071
129	1.185607	-1.404691	-2.443907	-2.717851	2.329671	-0.840926	2.388069	0.203970	-0.673363	-2.335725
130	-0.175978	0.146595	0.314366	-0.120490	0.893099	0.371990	0.022305	0.651374	-0.993081	0.236254
131	0.087918	-0.009234	0.062246	-0.161152	0.312872	-0.435818	-0.122037	0.166846	-0.321430	-0.197941
132	-0.400856	0.016285	0.135584	0.256279	0.025146	0.111690	-0.251765	-0.135363	0.346596	0.016307
133	1.565706	-2.248326	2.526605	-9.490997	1.044747	-3.044873	2.283394	-3.007809	-0.560308	-2.778066
134	0.098947	-1.999910	1.241694	-6.699377	5.845987	-3.032254	-0.757545	3.775312	-4.148932	-3.445823
135	-0.262208	0.197824	0.126834	-0.162382	0.172456	-0.330813	-0.329824	0.334995	-0.020154	0.673888
136	-0.838984	-0.144541	-0.470613	-0.426237	-0.196211	-0.206680	0.064176	0.178348	0.063833	0.099581
137	-0.359731	-0.194726	0.274309	-0.163259	0.135984	0.725918	-0.063447	0.172036	-0.174312	0.622858
138	-3.118474	2.490091	-1.866192	-0.953514	1.054975	-0.900517	5.723725	1.048177	-0.612800	2.730637
139	-0.202632	-0.070854	0.065049	0.088971	-0.054313	0.046604	-0.230882	-0.171041	0.109630	-0.062810
140	1.351258	-6.427024	5.159695	-7.581666	5.391199	2.363930	-2.334466	4.185428	7.063805	0.632401
141	-0.296455	0.253467	0.332343	0.534394	1.111325	0.024470	-1.156723	0.806682	0.410491	-0.023505
142	-0.339473	0.271667	0.003411	0.156616	-0.234776	0.320004	0.425648	0.126260	0.725457	-0.260185
143	-0.343799	-0.028565	-0.009804	-0.244249	0.073233	0.532899	0.114546	-0.088832	0.186919	-0.141618
144	0.787163	-0.338798	-0.162277	-0.295439	-0.761509	0.152643	0.684127	-0.107167	0.491069	-0.041536
145	-3.628739	-1.838947	-1.379389	1.060835	-2.490881	1.350489	-4.066528	-1.700183	-0.533392	-2.135828
146	-0.930302	-0.763185	1.697802	-0.339818	-0.261821	-0.946170	-1.970767	-1.304443	-0.903035	-3.750783
147	-1.194068	0.846603	0.904167	-0.345728	0.837869	-1.629650	-0.522509	0.347607	0.069155	-0.655567
148	0.425496	-1.812833	0.213003	3.219726	2.490529	-4.054851	2.624893	2.981491	-1.064194	0.794646
149	-0.250344	-0.369946	-0.435398	0.303031	-0.146630	0.619194	0.524063	-1.044403	0.887507	0.186713
150	-1.086196	0.365181	-0.204621	-1.189493	0.065763	2.013310	-0.245816	0.165364	0.463409	-0.109285
151	0.058855	-0.017242	-0.006250	0.097617	0.016416	-0.312598	0.100293	0.049738	-0.300545	-0.127867
152	2.041041	7.930368	5.840489	5.412407	-2.445909	4.438146	0.456961	-2.793829	2.587055	-0.360374
153	-0.564236	0.459600	0.067732	0.102414	-0.019839	0.214420	-0.318133	0.246211	-0.203914	-0.704732
154	-0.010500	-0.746019	-3.493510	-0.648005	-1.423310	-1.182914	4.266341	-3.931085	1.270353	1.427353
155	-1.106442	-0.359169	0.947047	0.505483	-0.209277	-0.366160	0.953809	1.202465	-0.161831	0.741082
156	-1.936759	1.181593	-1.182610	0.136789	1.322917	-2.341689	-0.547477	-1.230511	2.576841	1.781971
157	0.304901	0.101909	0.227284	-0.067697	-0.779036	-0.034663	0.233103	-0.020908	0.381157	-0.274067
158	0.300669	0.249585	-0.148210	0.131894	-0.143085	-0.651246	0.014347	-0.646268	-0.492629	0.193977
159	-0.548007	-0.383010	-0.187399	0.152057	-0.378171	0.000796	0.456338	0.573859	-0.021194	0.011484
160	0.225086	-0.534354	0.664363	0.099604	-2.020492	-0.868875	1.137930	-0.158366	-0.677807	-2.510530
161	-0.624413	0.057330	0.373669	0.245897	-0.212387	0.237266	0.517532	-0.275951	-0.687915	0.281185
162	-0.617028	0.458036	-0.042270	0.042019	-0.253928	0.721120	0.133205	0.180382	-1.076132	0.311350
163	-0.334637	-0.332583	-0.177756	0.504301	-0.176648	1.791060	-0.168395	-0.860773	0.168024	0.174767
164	1.470216	9.237892	-2.994120	1.717631	1.217088	-7.705164	-4.843000	-3.741280	-4.093465	-2.147790
165	-1.843769	-2.899611	7.351482	0.863123	4.874403	0.477139	-5.799150	4.408580	4.511000	-5.502336
166	0.068244	0.022315	0.047761	-0.033876	0.144933	-0.079471	-0.143908	-0.213500	-0.114158	-0.174245
167	-0.309702	-0.212710	0.027973	0.111956	-0.272484	0.360677	-0.304982	0.112111	0.202650	-0.140471
168	1.666708	-1.524400	-5.205263	-2.166542	-1.001118	-1.250347	3.729585	-2.776642	0.092338	1.710541
169	0.200373	2.869545	-0.242909	0.171754	-1.537788	-1.387069	3.254674	1.024892	-0.653827	2.428422
170	-2.024017	-2.123688	-0.052499	-0.959941	-0.436868	-3.610653	2.689454	-0.900552	-1.894338	0.570303
171	9.895945	23.606908	-17.565171	-17.549394	-2.841305	4.392934	-3.222336	0.143250	-0.403517	-4.400092
172	-0.690181	-0.268984	0.476381	0.214067	0.401623	0.366916	-0.176850	0.397979	0.064133	0.222342
173	-2.139388	1.645143	0.095314	-1.804937	3.260025	-1.924980	3.437708	2.165822	2.109002	1.517545
174	0.229125	-0.053220	-0.155170	-0.191228	-0.815735	0.491576	0.477637	0.182672	-1.037218	0.141338
175	0.130279	2.111211	-0.869578	0.679778	-1.980695	0.514547	4.156939	-0.378265	-0.532134	3.147136
176	5.058988	-11.502336	9.688944	-1.301547	-3.095610	-0.366394	2.627240	0.918451	-1.677297	1.399507
177	-0.342952	-0.460415	-0.217705	-0.036565	-0.107232	-0.500162	0.752545	0.011585	0.429933	0.869905
178	1.900692	3.974292	3.381191	7.842484	2.690570	3.642240	-2.797855	2.918649	-2.401948	-0.579304
179	0.778597	-0.497528	0.110593	0.352352	0.536029	0.462917	-0.161853	-0.089822	-0.425137	0.780036
180	-0.653427	0.112746	-0.284284	0.673296	0.707284	-0.252617	0.756831	-0.098987	1.755408	-0.224182
181	0.121915	-0.025097	0.024185	0.066915	-0.042828	-0.298145	0.016534	0.368999	0.221128	0.133633
182	-0.930087	0.593419	0.097415	-0.973269	3.038590	1.159055	1.920624	-0.211070	-0.052535	-0.085865
183	0.152332	0.079951	0.186245	-0.199716	-0.863742	1.143518	0.169785	0.652311	-0.407835	0.431638
184	-0.184701	0.305264	0.103002	-0.543108	-0.847951	0.002955	-1.152450	-1.096076	1.212739	0.290339
185	0.174454	0.010989	-0.032344	-0.104357	0.123136	0.300926	0.154531	-0.384355	-0.181738	-0.218976
186	0.904496	0.378418	0.535290	-0.499262	0.756778	0.334387	0.912759	0.892827	0.226187	0.938594
187	0.219995	3.928061	8.522654	-2.690504	-4.563507	-0.207574	-3.585463	-3.718699	2.152109	-2.346889
188	29.646886	15.361095	94.439159	-55.007182	27.678802	-1.115286	-6.896218	-26.175973	10.442567	23.329720
189	0.391372	0.415288	0.110699	-0.016971	0.172545	-1.455717	-0.804115	0.010572	0.532168	-0.739178
190	36.142203	0.514127	-19.220548	-133.839887	12.134068	-7.704239	10.636301	-56.150076	-5.533938	-8.903621
191	-1.136896	0.583512	-0.668033	-0.230910	0.951588	0.222251	0.678776	0.046529	0.332021	0.239957
192	-1.224309	1.689585	2.449808	-3.454299	2.623572	1.250862	2.559349	2.488257	2.411168	2.538204
193	0.393276	-0.296114	-0.739573	0.035282	1.071168	0.066743	0.911800	0.324725	-0.503350	1.651547
194	-0.061358	0.204966	-0.205156	-0.073671	0.761227	0.570405	0.135962	0.223977	0.375057	-0.027837
195	0.166265	0.041857	-0.063197	0.039085	0.166806	0.016399	-0.119344	0.164070	0.119015	-0.016047
196	0.065219	0.194995	-0.150441	-0.140269	-0.447117	-0.442984	-0.224895	-0.553274	-0.432265	-0.227086
197	-0.188783	-1.018475	0.697728	0.013008	-0.607678	-0.688654	-2.592929	-0.151535	-0.339551	-1.702630
198	-0.686841	0.372429	0.169550	0.386001	0.636752	0.050310	-0.482286	0.255173	-0.116837	-0.349047
199	2.389212	-1.412495	5.049815	1.302273	1.117607	-0.450535	-0.281379	0.250623	1.601802	-2.698604
200	0.214876	0.114097	0.046694	0.107440	0.312946	-0.471734	0.160323	-0.037130	0.156929	-0.316406
201	0.518822	0.495479	0.008634	-0.283100	-0.052349	-0.157907	0.860981	0.794416	0.661191	0.453129
202	-0.971799	-0.081869	0.245491	-0.778409	-0.288053	0.369272	1.427302	-0.889111	-0.011672	-1.190721
203	7.623839	-17.691893	9.211876	1.149878	-0.082316	2.272194	2.393539	2.984264	2.863702	1.111417
204	-0.465957	0.254438	0.213564	-0.074952	0.018934	-0.063799	0.029554	-0.052277	0.058389	-0.158161
205	-0.674707	-1.169169	0.914759	0.367964	3.319403	1.185607	0.830361	-0.707818	2.692775	-2.172685
206	5.541556	-11.206364	-16.407245	1.185085	-1.024613	1.640007	-4.291111	-6.191894	2.675091	-4.207445
207	-0.331312	0.251628	0.052710	0.003671	-0.093637	0.599524	-0.110658	-0.001147	-0.102853	-0.523106
208	-0.420131	-0.249583	-0.100716	-0.293139	-0.236482	-0.057565	0.153457	-0.165417	-0.144309	0.258094
209	3.289391	-4.141577	1.850435	2.674587	0.381596	-0.081624	-0.559186	0.001051	1.167156	0.400669
210	-0.224406	0.050309	-0.111741	0.100024	0.118113	-0.243837	-0.363418	0.007813	-0.077606	-0.059023
211	-1.849094	0.067377	0.815653	-1.338300	1.510506	0.867108	2.257191	0.385047	1.056260	-0.989464
212	7.635884	-12.027907	-33.743828	-11.979796	-5.447646	-1.654127	6.032892	-5.222860	3.525609	-0.590984
213	0.052820	-0.089570	-0.099616	0.245312	-0.779326	0.165950	-0.181804	-0.501133	0.344343	-0.078499
214	-0.035408	-0.149539	-0.225706	-0.294323	-0.680139	-0.251732	0.777589	-0.830678	-0.053048	0.223744
215	-2.385028	2.337956	-0.863903	0.095107	-0.660574	-2.307904	3.612944	-0.742391	-0.827256	2.396403
216	0.465779	1.809767	0.140603	-0.014925	0.618792	1.014136	-0.212184	-0.809649	1.250195	-1.597458
217	-2.612713	0.440091	0.432635	-2.186318	-3.676987	2.048427	-1.314617	-2.188418	-1.172667	0.307191
218	0.335753	-1.099637	-0.049711	-1.646654	-2.011466	-4.229760	0.950937	0.299024	-2.295408	0.389736
219	7.149650	-16.532709	-4.201388	-3.852413	-1.116335	-1.277539	0.478792	0.838814	1.089394	0.917452
220	-0.629624	-0.287375	-0.017094	-0.540050	0.578411	1.150088	-0.191756	-0.189748	0.594940	-0.070320
221	1.071972	-2.269454	0.256415	1.343413	2.170117	-0.275945	1.136488	-1.857515	-3.002529	0.017393
222	-0.458509	0.936941	0.177007	0.391895	-0.816220	-0.479501	-2.786863	1.136259	3.153601	0.813788
223	-0.241457	-0.121305	0.028253	0.239012	0.010052	-0.256150	0.089965	0.453634	0.148921	0.158044
224	12.017797	-27.819540	5.362529	-27.172270	-0.369010	-4.585452	0.892422	-1.503316	-3.722111	-0.615012
225	0.579440	-0.012043	0.203924	0.171701	-0.128301	-0.071062	0.194976	-0.077968	-0.022759	-0.098016
226	0.157480	3.443926	0.961764	-4.017397	-1.141385	1.336790	-0.882666	-1.429902	0.663473	-0.842913
227	-0.910686	-0.195750	-0.413417	-0.551329	0.083347	-0.004138	0.034774	-0.048637	0.327806	-0.289824
228	-0.754099	0.104890	0.163696	0.520821	-0.029681	-0.814927	-0.026461	0.262179	0.219637	0.166727
229	0.122135	0.119202	-0.009679	-0.163376	0.016540	0.700894	0.009535	-0.026056	0.272350	-0.074139
230	-0.352547	0.621585	-0.167751	-0.214408	-0.487008	-1.581718	-0.352830	-0.287103	-0.628868	-0.161832
231	1.035390	1.192180	1.346642	-0.829712	0.627649	0.486524	1.819418	-1.295791	1.888267	1.074983
232	1.507186	-0.790595	2.767496	2.379830	2.214623	1.715484	-2.951277	1.863385	1.593233	0.458345
233	1.036484	-1.707783	0.214306	-3.152282	1.815088	-5.837829	-2.844271	-1.980006	-3.759777	2.281210
234	-0.668606	0.387568	-1.825051	1.980011	5.047596	1.413117	-0.805026	2.473516	-0.446797	0.223480
235	0.134157	-0.099071	0.034442	-0.125716	-0.187323	0.410012	0.172928	0.056730	0.371710	0.144135
236	0.370761	0.063126	0.051851	0.623565	-1.143901	1.485603	-0.028489	-0.952652	-0.309996	0.142986
237	0.187946	-0.037509	-0.006500	-0.144025	0.108988	0.024156	-0.124731	0.353197	-0.163663	0.010657
238	0.283208	1.555736	-0.723189	0.682551	0.495897	-0.297053	-3.234412	0.469271	-0.977679	-0.316104
239	-0.756937	0.160657	0.726511	0.510519	-0.568207	1.366776	-1.017189	0.068838	0.008379	-0.782630
240	-3.068246	0.465164	0.915434	1.980627	0.993319	3.194717	-1.808121	-2.203054	2.592569	-0.582712
241	-0.091425	0.649054	-0.409637	0.188566	-2.849595	-1.612952	0.811227	1.188058	-0.535031	0.241608
242	0.397919	3.327461	0.071938	11.273901	5.148741	2.637887	-3.914137	3.964502	-0.863350	1.212972
243	-0.248243	0.424372	-0.082665	0.058233	-0.377922	0.166990	-1.920709	0.644805	0.168720	0.452382
244	0.163142	0.643128	-0.465299	0.625828	1.388315	-1.519317	-1.137503	0.378768	-0.018886	-1.822075
245	0.934564	-1.148712	0.326996	1.981964	-2.002639	-0.748576	-0.605264	-2.650072	-0.516858	-1.882546
246	0.175074	-0.006292	-0.192857	-0.045624	-0.759087	-0.032020	-0.293447	-0.249656	0.065623	0.290535
247	-0.791628	0.591037	0.031670	-0.208242	-0.100242	0.439114	-0.340291	-0.083701	0.436045	-0.048681
248	0.136292	-0.044048	0.075922	-0.025790	0.048148	-0.251932	0.002869	0.039224	0.264694	-0.114530
249	0.457781	-0.473535	-0.141441	-0.314106	-1.067015	0.705965	1.421005	-0.297418	0.154970	0.248310
250	0.095059	3.170416	2.942647	-3.005758	-0.724001	3.093575	4.685289	0.024866	3.670010	1.198653
251	0.315761	0.168852	-0.180553	-0.112262	-0.780328	-0.190141	-0.469516	0.215426	0.216580	-0.422635
252	-1.508504	-1.734963	0.567429	-0.885866	0.217736	-0.087118	-2.789390	0.594751	-1.274153	0.326144
253	0.396816	0.494447	-0.003295	0.418755	-0.738302	-0.608880	-0.500570	-0.213905	-1.211677	1.610632
254	-0.169173	-0.302973	-0.634256	0.506104	-0.438284	1.539423	2.071080	-0.074195	0.654326	0.371359
255	3.345894	-10.585827	5.262971	0.872482	1.894352	-4.237235	-0.890833	-3.609508	-0.047080	5.926711
256	-0.264632	0.685502	-0.020919	0.099824	0.690311	0.768348	-1.538568	-0.290991	0.789342	-0.877006
257	-1.749989	0.314886	-0.943507	-1.056765	2.892009	0.450435	1.107594	-0.971808	2.346116	-3.032368
258	-0.189763	0.648499	0.138147	0.278413	1.039887	0.525375	-1.188064	0.022550	-0.452769	-1.322653
259	0.221466	-0.037590	0.081389	-0.087701	0.063190	-0.029105	0.038720	-0.061241	0.088913	0.015949
260	0.835785	0.005523	-0.067697	0.429039	-0.160080	-0.227405	-0.141609	-0.070110	0.114681	0.126784
261	7.244370	17.112014	-6.046271	-14.948884	-0.616852	-1.693925	-5.256613	-3.238057	0.964661	1.138869
262	-0.618033	-0.591543	0.595797	-0.312034	-0.859152	-1.384773	0.873416	-0.572049	0.637571	0.413092
263	-0.070827	-0.073649	0.157948	0.062156	-0.325122	0.056665	0.592261	0.547020	-0.293154	0.271624
264	-2.092631	-5.984784	-1.128874	7.893342	1.864935	8.150033	1.542843	0.641191	4.573576	2.176897
265	-3.549225	0.259559	-0.336897	1.358370	0.885829	0.092512	-0.678015	2.355209	0.868950	0.297120
266	-0.013003	0.050015	0.137915	-0.260833	-0.706161	-0.859996	-0.559457	-0.153055	0.018869	-0.050037
267	0.078850	-0.099469	-0.173151	0.152387	0.582011	-0.249510	0.111364	0.597508	-0.315456	0.016604
268	9.089889	9.108024	20.269339	13.801837	3.284587	-2.330910	-0.570544	2.993028	-0.012070	-0.131137
269	11.307873	-34.178712	-24.400894	22.649974	-6.013240	7.538874	15.564891	-1.281830	12.608554	-4.868504
270	-0.048831	0.074184	0.050366	-0.098536	-0.045862	-0.206194	-0.176668	0.011215	-0.439194	-0.179299
271	0.158834	0.301490	-0.023889	-0.372277	-0.018544	-1.227208	0.340241	-0.237360	-0.874761	-0.412612
272	-0.272533	-0.347680	0.377575	-0.305463	0.141641	0.511916	-1.223064	0.623278	-1.288280	-0.607234
273	0.667502	0.261915	-0.352156	-0.173944	0.691923	0.086989	0.541471	-0.559070	-0.550285	0.596590
274	-0.469525	0.185249	-0.498615	0.018970	-0.077662	0.389160	1.207067	-0.359827	-0.497445	0.218873
275	-1.444248	-0.315435	0.967000	-0.820952	-0.495718	0.093382	0.628126	-0.030492	-0.243479	-0.602766
276	0.241602	-0.215500	0.045408	-0.235865	-0.238781	-0.831596	0.101888	-0.203599	-0.399526	0.065299
277	-0.432366	0.302608	0.282611	0.165796	-0.436103	0.498599	-0.093475	-0.237978	0.227164	0.086633
278	0.121070	2.210043	-0.331233	-1.303981	-0.749565	-3.727290	0.447426	-1.405475	-1.078982	-2.879075
279	-0.212937	-0.082775	-0.054917	0.178739	-0.195054	0.022601	-0.391304	-0.528212	-0.084416	0.037362
280	11.365890	30.945765	10.953708	8.677381	0.486398	-0.735750	-0.254535	0.010450	-0.967064	0.632174
281	0.382630	-0.075327	0.055709	-0.203941	0.011954	0.127100	0.065381	0.007307	0.235147	0.026458
282	-0.517810	-0.777449	0.438345	-0.185206	-1.559975	-0.869449	0.641664	0.001056	-1.534651	0.212329
283	0.639996	0.291662	0.001009	0.708924	0.361825	1.155242	-0.748843	1.010462	-1.201238	0.184353
284	0.699644	-0.186005	0.557016	0.093863	0.439548	-0.075820	0.793361	0.109557	0.011425	0.677003
285	-0.101221	-0.069911	-0.059508	0.043229	0.302849	-0.049000	0.165765	0.068092	-0.106052	0.220697
286	2.919540	-8.733288	9.861537	-9.477651	4.985549	2.062857	1.402375	-1.090174	0.555618	-2.267196
287	-0.619810	-0.332330	1.965268	-3.648054	-5.092376	-0.138048	0.020930	-1.761927	1.108197	1.126207
288	-1.173261	0.712592	-0.818747	-0.091385	-0.069056	0.363350	-0.293809	0.876461	0.402336	-0.270324
289	-0.000156	-0.109876	0.334530	0.022405	-0.692431	-0.215574	-0.966777	-0.589039	-0.132767	-0.116654
290	7.637188	-22.859146	-6.609845	-8.796202	-2.957521	-0.194752	16.301071	-5.799173	-3.718099	9.395722
291	-2.792163	0.070123	-0.897276	0.000043	0.206246	1.180461	0.290328	-0.121718	-1.173852	0.033760
292	-0.846374	0.593982	1.100176	1.066496	3.288302	-1.136966	0.134740	0.796692	-1.588497	0.401584
293	1.708949	0.126430	-3.472671	0.714418	0.106745	-0.853229	1.267705	-0.951663	1.107327	0.116940
294	0.322414	0.050116	-0.135049	0.058900	0.231792	0.002659	-0.176825	-0.341145	-0.217130	-0.221870
295	-1.098148	-0.248385	0.922312	0.134314	0.185279	-0.161009	-0.987622	-0.101926	0.518600	-1.313632
296	-0.361164	0.369552	-0.223688	0.241477	0.983070	-0.104279	-0.452657	0.173056	0.543499	-0.909771
297	-1.675321	0.514618	0.428782	0.104981	1.109061	0.407910	0.271626	-0.810255	-0.347285	-1.984020
298	4.646570	-14.496262	-3.265156	33.731889	6.082495	-15.086038	-5.066315	-2.963939	-12.351903	3.750654
299	0.190379	0.340217	-0.095786	1.041854	1.902144	-2.015735	-0.607133	1.107434	-0.261515	-0.584955
300	0.018831	0.443248	0.555407	0.237937	1.066813	0.173595	-0.438225	0.906485	-0.852779	-1.652353
301	-0.846065	0.479192	0.360772	-0.551512	1.192700	0.682672	0.370791	-1.402655	0.099104	-0.041781
302	2.448702	3.927107	4.610108	4.460899	-2.166153	-2.399865	-0.869195	1.509050	3.967918	-0.172735
303	0.063140	-1.203546	1.044463	0.942437	-0.593483	1.465600	-1.016712	2.450187	0.745362	0.937479
304	0.216772	-0.183593	0.192960	-0.204870	1.292363	0.650336	-0.049827	-0.131819	0.398989	-0.001862
305	-0.024204	-1.570477	-1.371909	0.686295	-2.011380	2.635148	1.471831	-1.088691	2.512262	1.723703
306	-0.726612	0.147044	-0.550557	0.089123	0.131920	-0.118967	0.132504	0.164560	0.360248	0.868876
307	-0.615807	-0.007291	-0.006991	-0.405226	-0.003776	-0.063034	0.033552	-0.184125	0.044398	-0.029853
308	0.807178	0.868272	-0.540206	3.228956	-1.927454	2.821342	-0.330957	0.902532	2.849077	1.555186
309	0.270848	-0.040462	0.071480	-0.166055	-0.165387	-0.000515	0.003692	-0.063408	0.397220	0.222825
310	0.514260	4.302403	9.501701	6.029891	0.494152	0.663625	-1.493442	-0.069486	1.654905	-2.462866
311	0.332771	-0.549779	-1.714005	-0.823093	1.977772	0.057115	-1.117058	0.854140	0.866505	-2.697828
312	-2.040567	0.988305	1.834364	0.056829	-2.483290	1.406913	3.273742	-0.487912	0.020659	2.317083
313	-0.177606	0.008315	0.297580	-0.121447	-0.013428	0.310056	0.987856	0.273530	0.228404	0.349317
314	-0.713392	0.040990	0.037070	-0.735339	-1.059194	-0.865126	0.075498	-0.618041	0.183133	-0.203373
315	-1.194108	0.347320	4.320713	-2.685191	4.512478	2.965268	2.324874	3.633486	-0.313805	2.995248
316	-0.001696	0.045285	0.120330	-0.075771	-0.416336	0.298354	-0.459880	0.023866	-0.586889	-0.232902
317	-0.301446	0.274992	-0.000375	-0.200952	0.017077	-0.193136	-0.197318	-0.232714	-0.897367	-0.095730
318	6.794170	-20.030236	17.407782	3.889902	5.486734	5.897301	19.747031	8.566487	3.063371	12.517585
319	-0.687851	2.118089	-0.123710	0.048802	1.192549	4.546477	-1.907369	-0.794210	0.853149	-1.694311
320	0.219736	0.106639	-0.195155	0.094201	0.505444	0.090468	-0.422238	0.264890	-0.100754	-0.471114
321	-1.017618	0.951657	-1.118891	-0.672865	-0.997315	0.034464	-1.936865	-2.254457	-0.282528	-2.249920
322	1.150215	-0.263485	1.427552	-0.317811	0.464553	-0.082649	0.069641	0.466649	0.636036	1.644062
323	0.097261	-11.610718	15.512394	-8.246043	0.904318	-1.283291	4.893922	-5.584333	-0.446516	-1.558593
324	0.565628	-0.388274	0.801324	-0.342880	-2.094918	0.398497	-0.866040	0.455976	-1.682613	-0.279015
325	-0.742267	6.515750	-2.545407	-3.940652	3.690165	-7.946085	7.732713	0.094152	-3.441279	5.880093
326	0.863479	0.371323	-0.387538	0.048930	0.049783	0.015057	-0.033243	0.173230	0.239481	0.356831
327	0.373457	-0.194378	-0.131185	-0.128050	-0.098856	-0.170855	0.501433	-0.246141	0.227991	-0.036229
328	0.568629	-0.225753	-0.402832	-0.458402	-0.579720	-0.510741	0.604431	-1.017779	0.235927	0.423858
329	-0.934680	0.976573	0.412440	-0.003590	0.777203	-1.466275	1.280058	0.108673	-0.613586	0.762477
330	-0.297118	-0.110114	-0.121096	-0.264827	-0.148938	0.433016	0.113227	0.267229	0.107161	-0.409420
331	1.751089	-3.145334	2.409112	1.404023	-0.930405	-1.951511	-1.564636	-1.840446	-0.232429	-0.895319
332	-0.124623	0.060584	-0.093668	0.228740	0.335810	1.004455	0.366097	0.151455	0.025284	-0.073490
333	0.291387	0.031929	0.078807	0.121702	0.258299	0.388227	0.252996	-0.064437	-0.576550	-0.181908
334	-3.174415	-0.205215	2.998487	0.708273	3.087074	0.813789	-0.702313	1.083362	-0.360135	-0.009956
335	1.953600	-9.031955	-2.243446	0.004168	-3.605521	3.019329	0.858409	2.686847	0.692910	6.803581
336	0.677712	-0.073901	-0.467548	0.231534	0.843216	-0.015818	1.015391	-0.271459	0.184667	-0.491956
337	-0.944568	0.837468	-1.048889	0.997787	0.043255	1.775501	2.519762	1.665778	2.341954	0.374102
338	-1.723874	2.567709	1.594808	3.982796	-0.439818	-1.252582	0.456383	0.102658	-2.089787	1.099248
339	3.446617	-8.155605	7.066531	8.692614	-1.814106	-3.080903	-4.454323	-5.367035	1.439454	-0.948696
340	0.535308	-0.163402	0.393856	0.209427	-0.712119	-0.349148	0.394553	-0.348232	-0.513385	0.400299
341	-1.555292	-0.411727	0.422384	-1.594982	-2.782607	0.741308	0.395655	-1.635766	1.661452	1.381205
342	-1.201645	-0.663589	-0.285765	0.721337	0.897648	-0.145492	0.717427	0.174089	0.555137	0.430785
343	-0.417418	0.337722	-0.055468	0.107900	-0.175883	-0.285215	-0.222969	0.241806	-0.419815	-0.345797
344	-0.783304	-0.397084	-0.715772	0.052506	-0.404539	-0.328380	0.095991	1.022438	0.019396	0.364701
345	-1.612739	-0.148818	-1.316601	0.272187	-0.191390	0.075840	-0.219298	0.293157	-0.115081	0.085123
346	-1.526152	1.601267	0.389827	-0.363922	1.661459	-1.796725	0.081521	-0.741751	-1.200515	0.754766
347	-3.118703	2.516555	0.420669	1.178190	-1.571301	1.104461	2.432505	-0.637109	3.207130	0.744807
348	0.357185	0.218549	-0.070385	0.224157	0.033414	-0.238828	-0.255044	0.799578	-0.226110	-0.703096
349	-1.945637	-0.292355	0.283712	-1.368752	-2.168012	-0.481570	-1.445640	-1.106558	1.722599	2.402313
350	0.529949	0.179467	-0.194818	-0.039719	-0.246713	-0.130957	0.092634	-0.202594	-0.214625	-0.427734
351	0.609117	0.892857	3.834797	5.247461	1.888692	2.870160	3.239385	1.861551	-3.334485	-3.538074
352	0.526836	0.265974	0.235473	-0.216044	0.364041	-0.755779	-0.449799	0.500111	-0.468387	0.179405
353	4.395122	5.247818	9.661186	-3.264297	-2.576933	2.260582	0.097400	0.633257	-2.645411	-4.361486
354	-0.307039	0.147489	-0.208327	-0.161928	-0.369994	-0.436778	0.335817	-0.389265	-0.319987	-0.053766
355	-1.434114	0.917165	-1.178975	1.528328	4.616034	0.211831	-0.395067	-1.003676	5.078214	2.308016
356	-0.519469	-0.174302	0.320925	0.159227	0.113080	0.145405	-0.141474	0.090825	0.062721	-0.054809
357	0.807972	0.645492	-0.019089	0.082671	-0.155342	0.408985	-0.080222	0.277546	0.900135	-0.571610
358	-1.801285	-1.198977	0.957639	0.340254	1.330625	0.142716	1.766952	-0.059667	0.656825	0.461342
359	16.773720	15.760379	-29.821417	56.958755	10.974010	1.689954	-3.912253	1.019800	7.092814	5.191852
360	-1.131608	-0.085057	0.995974	0.207446	-0.312489	0.006793	-0.159778	0.330442	0.095895	-0.325924
361	0.383200	0.383892	0.188719	-0.309512	-0.410163	0.329234	0.033562	-0.090709	1.326668	0.354816
362	-0.228353	-0.119158	-0.254302	0.195489	-0.293513	0.620169	0.529631	-0.327143	0.349048	0.352872
363	-0.091625	-0.156971	0.078831	0.010148	0.183896	0.523853	-0.071534	0.228087	0.278590	0.210736
364	3.729681	6.657691	6.430803	7.199201	2.401855	-2.061653	-0.389789	1.306864	-3.742935	2.145014
365	-1.041680	0.934954	0.033643	0.021685	0.760681	1.741049	1.285977	-0.752177	-0.333933	-3.834165
366	0.276016	-0.056849	-0.067245	-0.128929	0.036732	0.033833	0.288652	-0.438965	-0.306363	0.030859
367	-0.417127	0.371338	-0.174292	-0.205016	-0.818620	-0.121252	-0.312996	0.449775	0.521932	-0.695711
368	0.291790	-0.066778	0.233657	0.207029	-1.066026	-0.108730	0.318527	-0.364799	-0.190378	-0.442451
369	-0.392545	0.291454	-0.924260	-0.178112	0.817717	-0.480469	1.302359	0.571251	0.295757	1.928992
370	-1.097384	-1.748610	1.008997	0.726032	0.836977	-1.110883	0.693604	-3.904098	-4.858960	0.216278
371	0.040667	-0.106657	-0.095525	0.004380	0.434317	-0.132201	-0.136660	-0.138679	-0.227647	-0.512483
372	-1.102478	0.135932	1.012632	-0.537174	2.348843	-0.785690	-0.203468	0.202745	0.922215	1.106546
373	-0.569957	0.123210	-0.232402	-0.306333	-0.394210	0.165861	-0.304622	-0.231744	0.151556	-0.187953
374	2.631979	1.865030	2.815090	11.600603	4.539621	-0.047039	-0.650518	4.908087	-3.492304	-0.009510
375	0.429425	-0.132911	0.029858	-0.147393	-0.544555	0.119037	-0.033436	0.400133	-0.493663	0.087786
376	0.218678	0.209274	-0.048664	0.002230	-0.043063	-0.254435	-0.314924	0.126256	0.569035	-0.627024
377	0.018972	0.106307	0.295703	-0.175114	-0.962169	0.034854	0.230915	-0.234401	0.802282	0.456308
378	-0.422948	-0.408024	-0.237851	-0.202729	-0.503985	-0.453814	-0.249843	0.843023	0.088203	-0.003617
379	-0.153258	0.181318	-0.046940	-0.121506	-0.052445	-0.394269	-0.064850	0.007608	-0.358143	0.288620
380	0.220522	0.040566	0.116484	0.079348	-0.053701	-0.039089	-0.158208	0.084482	0.167081	-0.045412
381	-3.109852	0.508287	-1.793324	0.379784	-1.558553	-0.077444	0.053108	-3.100097	-1.195921	0.169176
382	0.155431	0.091757	-0.180851	-0.261184	0.708910	-0.100877	0.627760	-0.394488	-1.002127	0.246410
383	-0.338567	-0.051957	-0.490417	0.617508	-0.358580	1.393605	0.591726	0.095559	0.712979	1.059165
384	0.471506	0.315148	-0.071027	-0.000006	0.111797	0.597038	-0.075759	0.111156	0.392209	0.040734
385	1.504657	1.498609	-0.835070	1.351148	-0.395481	-0.556803	0.809371	-0.693828	-0.666546	-0.357292
386	0.035156	-0.042177	0.130054	0.068959	-0.040392	-0.236261	0.481659	0.362376	-0.041645	0.239416
387	-1.001478	-0.146809	0.059107	-1.756777	2.560299	3.347062	0.887793	2.021747	-0.477098	-1.174135
388	16.216555	64.578841	5.864776	30.164919	-7.033734	13.859568	-5.131252	7.460163	10.378780	-0.494561
389	-0.800973	-0.532489	0.402689	-0.175548	0.021048	-0.787055	-0.087276	-0.670014	0.123253	0.533053
390	-0.278077	-0.172385	0.400962	0.118212	-0.561367	-0.921325	-0.608969	-0.978779	0.396749	0.142363
391	0.057909	-0.142053	0.276534	0.000316	-0.144209	0.025673	1.111725	0.817021	0.318767	-0.066003
392	0.455095	-0.249338	0.034319	-0.044338	0.170648	0.016286	-0.152179	-0.128182	0.231122	0.104897
393	0.298981	0.000135	-0.192820	-0.140868	-0.020586	-0.027719	-0.056196	-0.022240	-0.021759	0.123876
394	-0.837542	0.310430	0.960817	-0.231061	-0.483001	-0.469095	-1.787674	-0.241767	0.065118	-0.865898
395	0.551644	0.121336	-0.048476	-0.221877	0.076491	0.249571	-0.087853	0.030783	0.090181	0.072287
396	2.886126	6.222930	-3.812995	-6.450594	1.843362	-2.931686	2.917523	-4.988393	-4.226535	-1.720125
397	-0.038284	-0.075467	-0.184579	-0.018263	0.503746	-0.259943	-0.601179	0.071995	0.112331	-0.286051
398	1.235214	6.107502	6.238228	-8.141890	-3.771842	3.325422	3.207423	-1.588051	4.099424	-1.539244
399	0.940258	-0.122693	-0.964570	0.371705	1.150136	-0.254965	0.586597	-0.749375	0.519982	0.233418
400	-0.380620	-0.118692	-0.264715	0.011748	0.179827	-0.085055	-0.204746	-0.062633	0.005709	-0.399007
401	0.570751	-0.172134	0.140530	-0.276984	-0.367696	0.131669	0.170017	-0.033308	0.411780	0.354914
402	-1.939263	-0.698352	-1.310706	0.063031	-0.497598	-0.062185	0.375931	0.353666	0.158357	0.029217
403	-1.087503	-0.608150	0.157679	0.966901	-1.308261	-0.124584	-0.525902	-0.544164	1.179361	-0.811225
404	-2.433050	1.051464	0.558192	2.362531	1.904823	3.720568	-1.743540	0.931267	1.609849	-0.778222
405	3.693615	-1.503439	0.151055	-8.615616	-2.046163	0.678881	0.498280	-2.666377	-0.032358	0.335441
406	-0.687704	-0.268046	-0.285872	0.244403	0.038140	-0.039121	0.189200	0.032655	0.239752	0.123115
407	0.735912	-0.024140	0.433661	0.307966	0.782464	0.406441	-0.733119	0.594081	-0.045672	0.333074
408	0.022292	0.174598	0.117279	-0.195292	0.882054	0.540357	0.438261	0.162959	-0.670968	0.417578
409	-0.288205	0.510354	0.194750	-0.006433	0.697980	-1.103679	0.506823	-0.132492	-0.335221	0.790888
410	-0.939814	2.220808	0.867379	-2.090905	-0.170184	-3.636406	-1.864276	-2.144418	-1.369472	-2.670806
411	1.652468	2.235545	-0.399040	0.046811	-0.081289	0.899468	-3.686434	0.302204	0.001686	0.818314
412	-0.165870	0.012226	0.115579	-0.266736	0.681864	-0.192727	-0.437408	0.472220	-0.235283	0.304841
413	0.938949	0.530499	0.251006	-0.156784	0.069602	0.201386	0.536300	0.050480	-0.179576	-0.095097
414	-0.227479	0.254294	0.017817	-0.056713	0.057086	0.009599	0.514926	0.147353	-0.657458	0.198267
415	-2.229594	1.313974	-0.511924	-1.536044	0.097213	-0.165554	0.154162	0.476580	0.535030	0.213514
416	-0.694447	0.066381	-0.493317	0.227928	0.135085	-0.383412	0.416547	-0.447037	0.561673	0.060137
417	0.709227	0.325136	-0.105286	0.372850	-0.178654	0.157727	0.641687	-0.581407	-0.915819	-0.192951
418	-1.004967	-0.202646	0.911178	-0.086718	-0.447964	-0.421084	0.938732	0.514940	0.492775	-0.341913
419	0.885684	0.361954	0.082869	-0.420551	-0.413946	-0.329109	-0.476193	-0.076395	0.026604	-0.005433
420	0.204631	0.187108	0.043629	-0.154368	-0.449334	-0.209227	-0.580541	-0.186857	-0.253609	-0.321386
421	-1.710648	-0.862340	0.429591	-0.894148	1.547950	-0.539965	-1.272027	-0.038934	-2.048142	-1.426830
422	0.602586	-1.380425	0.172652	0.455671	-1.442756	2.844325	-1.735319	0.541932	-0.714062	-1.800888
423	5.299092	-14.425547	17.792767	7.182227	-2.631347	0.633474	4.257547	2.989399	-1.364556	-1.727227
424	0.120957	0.044927	0.050431	0.062037	-0.079218	-0.145235	0.121642	-0.190258	0.037035	0.161470
425	-0.030671	-0.039055	0.085026	0.023565	-0.025888	0.247989	-0.080432	0.124958	-0.166210	-0.050445
426	-3.123542	1.285930	1.838008	0.450729	-1.098444	0.258528	-2.690255	0.400380	1.361590	-1.924945
427	0.104115	-0.199354	-0.020875	0.163898	-0.183309	0.207124	-0.239511	0.032031	0.919861	0.199035
428	-0.853661	-0.406019	0.011945	0.787871	0.595673	-0.150586	1.128565	0.963813	-0.234536	-0.319068
429	-0.210437	0.227384	-0.401678	0.010955	-0.354395	-0.544866	-0.738854	-0.672103	-0.064132	-0.284641
430	0.014696	0.024689	-0.415451	0.449474	-1.489704	-0.434682	0.405273	-0.996796	0.918798	0.178771
431	11.667249	15.130785	-57.800658	-4.669855	-4.522459	-12.151106	1.573809	-22.818848	3.802180	13.173201
432	0.170070	-0.073611	0.054942	-0.117970	0.266357	-0.062372	0.076256	0.184745	0.378106	-0.210687
433	-0.084404	-0.035441	0.035911	-0.215612	-0.515808	0.112465	0.111581	-0.243873	-0.584815	-0.065389
434	1.407387	-4.000462	0.547608	-5.538995	-4.019266	-0.558180	1.454782	-2.851725	-0.190563	3.433702
435	-1.083062	-0.306016	-0.426357	-0.636393	-0.377206	-0.260751	0.203390	-0.120121	-0.087066	0.268765
436	-0.534000	0.137273	0.371669	-0.120333	-0.230856	0.181954	-0.143648	-0.045988	-0.192970	-0.206189
437	3.045090	0.036798	4.520948	1.189025	0.534822	-0.385680	0.279414	1.928923	0.001116	1.106658
438	-0.327311	1.376547	0.944278	-1.044651	-1.829595	0.462920	-0.822692	-1.238474	0.859183	-2.025197
439	0.321236	0.185909	0.165348	0.213378	0.277639	-0.254216	1.361878	-0.332079	-0.683959	-0.587436
440	-0.489705	0.058002	-0.464405	-0.424092	-1.289834	-0.462498	-0.383619	-0.077962	1.456285	-0.891807
441	11.818353	-28.257632	-16.863900	10.306052	-0.954447	1.912447	-0.673978	0.623189	-1.867463	-0.160783
442	-0.327120	0.206682	0.039323	0.120968	-0.017088	-0.069400	0.176486	-0.153241	-0.381780	0.261194
443	-1.047627	-0.072101	-0.710271	0.276767	0.503427	0.084563	-0.132496	0.072531	-0.030819	0.420468
444	0.266877	0.218516	-0.332065	-0.389271	-0.570240	-0.733140	0.393449	-0.767850	-0.776245	0.143011
445	-1.598439	0.441099	-0.319839	0.886713	1.004209	-0.150494	0.293649	0.695551	-1.998117	-1.914183
446	-0.190862	0.210839	0.248419	-0.086448	0.035260	-0.244140	-0.709817	0.114414	-0.383408	-0.728466
447	1.438012	0.900419	-0.589895	0.435964	-0.159094	-0.390923	-0.338771	-0.325051	-0.209497	0.526226
448	3.350164	0.120623	-3.704895	-8.453845	-5.088758	2.304722	-1.115595	-5.360408	-0.790108	0.302959
449	-0.418424	-0.258368	-0.133196	-0.004168	-0.140099	0.179451	0.032885	0.132054	-0.165939	0.033718
450	2.212742	7.099955	-4.436426	-10.313115	-1.254371	1.963805	3.804042	4.408606	-0.189594	-2.395703
451	0.285861	-0.310613	-0.078411	-0.068155	0.195902	-0.221914	-0.543471	0.245735	-0.475762	-0.666545
452	0.186720	0.011582	0.220326	-0.158560	-0.472867	0.197023	0.635574	-0.042719	0.572421	0.395954
453	-1.397353	0.299695	1.330291	0.037669	-1.494603	-0.938493	-0.863176	-0.586745	1.449199	-0.613694
454	-0.495210	0.078882	-0.234434	0.353930	-0.541563	0.395135	0.628151	0.062498	0.451295	0.039273
455	-0.524986	-0.210562	0.294436	0.063786	-0.085801	-0.168554	-0.029598	-0.298496	-0.132687	0.151491
456	-4.228293	-0.144624	1.560789	-1.000529	1.229338	0.487806	0.711420	1.176771	0.137342	-0.083948
457	11.469142	3.490491	36.063914	6.243354	1.947172	4.711993	-2.047004	-2.480294	-4.341974	0.207681
458	0.195514	0.009628	-0.223409	-0.369558	1.754767	0.017316	0.402396	0.162181	-0.253179	-0.209891
459	-0.799819	-0.253121	-0.326801	-0.539616	0.017885	0.650922	-0.751642	0.469601	0.056395	0.094601
460	-0.613592	0.288062	0.282409	-0.179122	0.187214	-0.344055	0.209089	0.000708	-0.015464	-0.473709
461	0.130083	-0.115399	-0.049286	0.107754	0.155788	0.450346	0.235793	-0.221333	0.346138	0.058321
462	0.022521	0.681300	-0.396824	-0.344236	-0.197299	1.771174	-0.362472	1.504322	1.199988	-0.475810
463	0.106230	-0.087543	-0.014513	0.003541	-0.008021	-0.258707	-0.060884	0.077467	-0.171799	0.013381
464	0.376808	0.200476	-0.160533	0.052574	0.211636	0.683287	0.137541	0.272088	0.036835	0.216755
465	1.168322	-0.767176	0.539798	-0.564772	-0.637531	-0.690567	-0.615250	-0.190701	-0.160521	0.926887
466	-0.025871	0.051938	-0.064840	0.013161	-0.116005	0.564253	0.053820	0.241285	-0.418327	0.170713
467	-0.601792	-0.525034	-0.072680	0.173400	-0.310570	0.982201	-0.549770	-0.058796	0.435827	0.025739
468	-1.465256	-1.031857	-0.921526	0.223485	-1.830074	2.117028	-0.847930	-0.471622	0.237542	-0.070355
469	-1.538554	1.421346	0.009085	1.546742	1.551587	-1.493339	-1.181711	0.287919	-1.749456	-0.489586
470	0.013334	-2.339507	-1.960816	-0.210097	2.337832	-2.974741	-0.330596	2.048696	-1.839078	-3.586409
471	-0.329295	10.603501	2.667052	10.593284	-7.520832	-4.361486	6.310663	-3.675917	0.697053	5.819076
472	-1.530161	0.907629	0.752253	1.495913	2.919343	-2.850605	0.169542	0.408219	-2.031695	0.266652
473	-1.302555	-0.393236	-0.354958	-0.698925	0.028639	0.194075	-0.609581	-0.862548	0.262481	0.846901
474	6.387327	40.890819	-13.507046	6.878906	-4.101154	-3.930003	-2.783388	2.589013	-2.261663	-0.385223
475	-0.000061	0.029676	-0.101736	0.105513	0.362637	-0.332068	-0.259230	0.377084	0.280961	0.001902
476	-0.437401	0.764034	-0.034822	-0.160445	1.087498	-1.032252	2.605876	-0.570386	1.133081	-0.165248
477	5.693740	8.745597	-10.538400	-5.181866	-1.035686	-5.759634	0.175298	-3.964526	2.443409	-1.870015
478	0.270725	0.999821	-0.563961	2.358623	-1.654818	-2.635647	0.624561	-1.562911	-0.893624	-0.104437
479	-0.333868	-0.183268	0.486893	0.061872	-0.634045	-0.442076	0.732540	0.246490	0.071198	1.038039
480	-1.838229	-0.128793	-0.123392	1.322112	-0.142944	0.456205	-0.116481	-0.030660	-0.146667	0.128454
481	0.922219	-0.525582	0.011629	0.717675	0.576272	1.133100	1.077982	0.045422	0.357034	-0.646848
482	-0.300377	-0.049655	-0.128590	-0.478969	0.161921	-2.356016	1.874673	-1.365967	1.325760	-1.473242
483	1.443538	2.005209	-0.886082	0.414742	2.000173	2.168417	-0.517249	-1.208491	-0.150710	1.000426
484	0.155498	0.010678	-0.136431	-0.066658	0.191316	-0.259845	0.564732	-0.195402	-0.094013	0.158856
485	1.446461	0.439798	-0.876245	-0.464866	0.784248	0.405853	0.602549	0.231708	0.022627	-0.449029
486	4.760214	-11.210971	-6.465881	5.457724	0.684966	-0.193981	-0.335831	-5.149761	7.977166	0.385650
487	-2.111597	-0.758047	-0.165820	-0.986317	0.656738	-0.120488	-2.269609	1.910772	-0.775845	0.446905
488	0.176991	-0.098083	0.095030	-0.006692	-0.109721	-0.147704	-0.114680	-0.078573	-0.075831	-0.299835
489	0.217362	0.312141	-0.017502	0.134859	-0.126142	-0.687151	-0.495523	0.300944	-0.709573	-0.090359
490	-0.647935	-0.394833	0.495779	0.470862	-0.287448	0.069480	0.377903	0.145656	0.413027	-1.004878
491	-0.332724	0.121225	-0.312483	-0.151599	-0.487004	-0.521162	-0.346118	-0.252814	0.349125	0.109101
492	1.208956	-0.170386	1.039647	-0.696263	-0.845137	0.582451	0.777911	0.412750	0.884312	1.518109
493	-0.087740	-0.028895	-0.121771	-0.054254	-0.319663	0.081045	0.142829	-0.342737	-0.114010	0.283955
494	0.291904	0.208293	-0.028221	-0.026756	0.013016	0.379481	0.160893	0.118241	0.273451	0.172224
495	-0.682007	0.461561	-0.096434	0.208679	-0.048229	-0.346590	-0.392693	0.191794	0.243703	0.027585
496	1.011670	0.441244	0.110240	1.030074	-0.277029	1.266131	-0.141018	0.578225	1.633518	-0.298317
497	-0.462456	0.572403	0.597045	-0.017445	-0.406083	1.340724	0.336594	-0.603313	-0.301879	2.097900
498	0.427550	-0.119153	0.077597	0.254342	-0.248384	-0.596181	0.444243	0.300897	-0.330153	-0.137011
499	-0.031216	-0.062055	0.010875	-0.562384	-1.767692	1.550991	0.273582	0.984592	0.409608	-0.149258
500	-0.699407	0.356230	-0.030355	-0.458528	0.431734	0.033872	0.317412	0.422441	-0.453301	0.373960
501	-1.554020	-4.388535	-0.327722	3.757194	1.739128	-2.298789	1.340297	1.518132	-2.662633	2.030961
502	-0.210142	-0.086199	-0.021009	0.074494	-0.094887	0.182674	0.004800	-0.031141	0.175654	-0.049570
503	-0.949349	-0.456462	-0.204677	-0.642503	-0.209986	0.871374	-0.132579	-0.916005	0.261336	0.571690
504	-0.412097	0.196824	0.610373	0.392384	1.019201	-0.575953	-0.656133	-0.141080	1.220116	-0.786398
505	-0.577800	0.365228	0.245872	-0.655723	1.698739	-0.475200	0.296948	0.678917	0.366901	0.986754
506	-1.437854	0.483954	0.033647	1.072040	-0.610751	2.121666	0.768109	-0.053240	0.211129	-0.541556
507	-0.290592	0.232292	0.497070	0.196577	-0.011002	0.537057	-1.118581	-0.692473	0.442988	-0.528307
508	1.345946	-1.142480	0.389339	1.809957	-2.301751	-0.639873	-0.431266	0.895451	-0.622909	-0.184751
509	-0.100973	0.061512	0.067325	0.146344	0.132498	0.082994	0.337814	-0.455398	-0.357208	-0.075950
510	-0.692369	-0.066062	0.610603	-0.030095	0.395888	0.270782	-0.579335	0.286982	-0.240066	-0.296366
